_var values:
0.102854
0.116672
0.069426
0.074117
0.040292
0.064498
0.149202
0.035830
0.000000
0.017895
0.034437
0.000000
0.000000
0.000000
0.000000
0.023425
0.000000
0.000000
0.000000
0.000000
0.014570
0.000000
0.000000
0.011896
0.000000
0.015664
0.000000
0.023125
0.000000
0.010206
0.013248
0.000000
0.013747
0.000000
0.000000
0.010967
0.000000
0.130814
0.000000
0.000000
0.000000
0.000000
0.000000
0.010200
0.000000
0.000000
0.000000
0.000000
0.011045
0.000000
0.000000
0.000000
0.000000
0.000000
0.000000
0.000000
0.001944
0.000000
0.000000
0.000000
0.000000
0.000000
0.000000
0.000000
0.000000
0.000000
0.000000
0.000000
0.000000
0.000000
0.000000
0.001078
0.000000
0.000000
0.000000
0.000000
0.000000
0.000000
0.000000
0.000000
0.000000
0.000000
0.000000
0.000000
0.000000
0.000000
0.000000
0.000000
0.000000
0.000000
0.000000
0.000000
0.002848
0.000000
0.000000
0.000000
0.000000
0.000000
0.000000
