Outputs 30 runs
objFunc:0.003253

x values:
0.589846
0.103072
0.056410
0.064266
0.024986
0.036878
0.046429
0.012435
0.000000
0.007400
0.011910
0.000000
0.000000
0.000000
0.000000
0.009777
0.000000
0.000000
0.000000
0.000000
0.001931
0.000000
0.000000
0.001358
0.000000
0.006672
0.000000
0.007593
0.000000
0.005568
0.002280
0.000000
0.002138
0.000000
0.000000
0.002346
0.000000
0.000000
0.000000
0.000000
0.000000
0.000000
0.000000
0.001260
0.000000
0.000000
0.000000
0.000000
0.000922
0.000000
0.000000
0.000243
0.000000
0.000000
0.000000
0.000000
0.002165
0.000000
0.000000
0.000000
0.000000
0.000000
0.000000
0.000000
0.000000
0.000000
0.000000
0.000000
0.000000
0.000000
0.000000
0.001272
0.000000
0.000000
0.000000
0.000000
0.000000
0.000000
0.000000
0.000000
0.000000
0.000000
0.000000
0.000000
0.000000
0.000000
0.000000
0.000000
0.000000
0.000000
0.000000
0.000000
0.000843
0.000000
0.000000
0.000000
0.000000
0.000000
0.000000
