Outputs 30 runs
objFunc:0.003344

x values:
0.102854
0.116672
0.069426
0.074117
0.040292
0.064498
0.149202
0.035830
0.000000
0.017895
0.034437
0.000000
0.000000
0.000000
0.000000
0.023425
0.000000
0.000000
0.000000
0.000000
0.014570
0.000000
0.000000
0.011896
0.000000
0.015664
0.000000
0.023125
0.000000
0.010206
0.013248
0.000000
0.013747
0.000000
0.000000
0.010967
0.000000
0.130814
0.000000
0.000000
0.000000
0.000000
0.000000
0.010200
0.000000
0.000000
0.000000
0.000000
0.011045
0.000000
0.000000
0.000000
0.000000
0.000000
0.000000
0.000000
0.001944
0.000000
0.000000
0.000000
0.000000
0.000000
0.000000
0.000000
0.000000
0.000000
0.000000
0.000000
0.000000
0.000000
0.000000
0.001078
0.000000
0.000000
0.000000
0.000000
0.000000
0.000000
0.000000
0.000000
0.000000
0.000000
0.000000
0.000000
0.000000
0.000000
0.000000
0.000000
0.000000
0.000000
0.000000
0.000000
0.002848
0.000000
0.000000
0.000000
0.000000
0.000000
0.000000

objFunc:0.003985
x values:
0.102967
0.117164
0.071477
0.075363
0.038931
0.075579
0.125730
0.037470
0.000000
0.018232
0.038205
0.000000
0.023934
0.000000
0.000000
0.022802
0.000000
0.000000
0.000000
0.000000
0.000000
0.119148
0.000000
0.000000
0.000000
0.015205
0.000000
0.025468
0.000000
0.010697
0.014870
0.000000
0.013578
0.000000
0.000000
0.010940
0.000000
0.000000
0.011750
0.000000
0.000000
0.000000
0.000000
0.000000
0.000000
0.000000
0.000000
0.000000
0.000000
0.000000
0.000000
0.006327
0.000000
0.000000
0.000000
0.000000
0.007676
0.000000
0.000000
0.000000
0.000000
0.000000
0.000000
0.000000
0.000000
0.000000
0.000000
0.007350
0.000000
0.000000
0.000000
0.006242
0.000000
0.000000
0.000000
0.000000
0.000000
0.000000
0.000000
0.000000
0.000000
0.000000
0.000000
0.000000
0.000000
0.000000
0.000000
0.000000
0.000000
0.000000
0.000000
0.000000
0.002894
0.000000
0.000000
0.000000
0.000000
0.000000
0.000000

objFunc:0.003478
x values:
0.102948
0.117361
0.070874
0.075001
0.024918
0.023960
0.066299
0.044289
0.000000
0.006749
0.011089
0.000000
0.000000
0.000000
0.000000
0.009918
0.000000
0.000000
0.000000
0.000000
0.000000
0.000000
0.000000
0.000004
0.000000
0.006707
0.000000
0.006527
0.000000
0.005026
0.001576
0.000000
0.001551
0.000000
0.000000
0.002775
0.000000
0.000000
0.001622
0.000000
0.000000
0.000000
0.000000
0.000000
0.000000
0.000000
0.000000
0.000000
0.000000
0.000000
0.000000
0.000547
0.000000
0.000000
0.000000
0.000000
0.002496
0.000000
0.000000
0.000000
0.000000
0.000000
0.000000
0.000000
0.000000
0.000000
0.000000
0.000770
0.000000
0.408225
0.000000
0.005951
0.000000
0.000000
0.000000
0.000000
0.000000
0.000000
0.000000
0.000000
0.000000
0.000000
0.000000
0.000000
0.000000
0.000000
0.000000
0.000000
0.000000
0.000000
0.000000
0.000000
0.002816
0.000000
0.000000
0.000000
0.000000
0.000000
0.000000

objFunc:0.003246
x values:
0.103119
0.115271
0.072332
0.076644
0.040981
0.065131
0.112150
0.039119
0.000000
0.019317
0.033885
0.000000
0.020463
0.000000
0.000000
0.021594
0.000000
0.000000
0.000000
0.000000
0.000000
0.000000
0.000000
0.000000
0.000000
0.014543
0.000000
0.023566
0.000000
0.010629
0.013311
0.000000
0.012399
0.000000
0.000000
0.010330
0.000000
0.000000
0.012140
0.000000
0.000000
0.016228
0.000000
0.000000
0.000000
0.000000
0.000000
0.000000
0.000000
0.000000
0.000000
0.006189
0.000000
0.000000
0.000000
0.000000
0.007331
0.000000
0.000000
0.000000
0.000000
0.000000
0.000000
0.000000
0.000000
0.000000
0.000000
0.000000
0.000000
0.000000
0.000000
0.006272
0.000000
0.000000
0.000000
0.000000
0.000000
0.000000
0.000000
0.000000
0.000000
0.000000
0.000000
0.000000
0.000000
0.000000
0.000000
0.000000
0.000000
0.000000
0.000000
0.000000
0.002870
0.000000
0.000000
0.000000
0.000000
0.144185
0.000000

objFunc:0.003567
x values:
0.103466
0.115331
0.070195
0.075618
0.040151
0.061818
0.110890
0.037858
0.000000
0.018536
0.034413
0.000000
0.021165
0.000000
0.000000
0.021059
0.000000
0.000000
0.000000
0.000000
0.000000
0.000000
0.000000
0.000000
0.000000
0.014502
0.000000
0.024393
0.027932
0.010907
0.013641
0.000000
0.012577
0.000000
0.000000
0.010339
0.000000
0.000000
0.012294
0.000000
0.000000
0.016179
0.000000
0.000000
0.000000
0.000000
0.000000
0.000000
0.000000
0.000000
0.000000
0.000000
0.000000
0.000000
0.000000
0.000000
0.007570
0.000000
0.000000
0.000000
0.000000
0.000000
0.000000
0.000000
0.129837
0.000000
0.000000
0.000000
0.000000
0.000000
0.000000
0.006387
0.000000
0.000000
0.000000
0.000000
0.000000
0.000000
0.000000
0.000000
0.000000
0.000000
0.000000
0.000000
0.000000
0.000000
0.000000
0.000000
0.000000
0.000000
0.000000
0.000000
0.002943
0.000000
0.000000
0.000000
0.000000
0.000000
0.000000

objFunc:0.003792
x values:
0.103314
0.103953
0.055037
0.063526
0.025433
0.037671
0.082053
0.012142
0.000000
0.007299
0.012196
0.000000
0.004454
0.000000
0.000000
0.011919
0.000000
0.000000
0.000000
0.000000
0.000000
0.000000
0.000000
0.000000
0.000000
0.014370
0.000000
0.006850
0.000101
0.011294
0.014215
0.000000
0.012595
0.000000
0.000000
0.009885
0.000000
0.000000
0.011643
0.000000
0.000000
0.015318
0.000000
0.000000
0.000000
0.000000
0.000000
0.000000
0.000000
0.000000
0.000000
0.000000
0.000000
0.000000
0.000000
0.000000
0.007508
0.000000
0.000000
0.000000
0.000000
0.000000
0.000000
0.000000
0.368153
0.000000
0.000000
0.000000
0.000000
0.000000
0.000000
0.006154
0.000000
0.000000
0.000000
0.000000
0.000000
0.000000
0.000000
0.000000
0.000000
0.000000
0.000000
0.000000
0.000000
0.000000
0.000000
0.000000
0.000000
0.000000
0.000000
0.000000
0.002914
0.000000
0.000000
0.000000
0.000000
0.000000
0.000000

objFunc:0.003576
x values:
0.103476
0.115140
0.069735
0.074622
0.040935
0.039733
0.082605
0.013927
0.000000
0.006995
0.014510
0.000000
0.005546
0.376167
0.000000
0.011452
0.000000
0.000000
0.000000
0.000000
0.000000
0.000000
0.000000
0.000000
0.000000
0.007532
0.000000
0.006145
0.000000
0.004676
0.001018
0.000000
0.002505
0.000000
0.000000
0.003440
0.000000
0.000000
0.001770
0.000000
0.000000
0.000000
0.000000
0.000613
0.000000
0.000000
0.000000
0.000000
0.011439
0.000000
0.000000
0.000000
0.000000
0.000000
0.000000
0.000000
0.002079
0.000000
0.000000
0.000000
0.000000
0.000000
0.000000
0.000000
0.000000
0.000000
0.000000
0.000000
0.000000
0.000000
0.000000
0.001007
0.000000
0.000000
0.000000
0.000000
0.000000
0.000000
0.000000
0.000000
0.000000
0.000000
0.000000
0.000000
0.000000
0.000000
0.000000
0.000000
0.000000
0.000000
0.000000
0.000000
0.002933
0.000000
0.000000
0.000000
0.000000
0.000000
0.000000

objFunc:0.003820
x values:
0.104070
0.116287
0.070318
0.074671
0.040058
0.061141
0.106801
0.033848
0.000000
0.017980
0.032080
0.000000
0.018610
0.000000
0.000000
0.020933
0.000000
0.000000
0.000000
0.000000
0.000000
0.000000
0.000000
0.000000
0.000000
0.015104
0.000000
0.024015
0.000000
0.011322
0.014609
0.000000
0.012664
0.000000
0.000000
0.009638
0.000000
0.000000
0.011495
0.000000
0.000000
0.016067
0.000000
0.010799
0.000000
0.000000
0.000000
0.000000
0.000000
0.000000
0.000000
0.000000
0.000000
0.000000
0.000000
0.000000
0.007817
0.000000
0.000000
0.000000
0.000000
0.000000
0.000000
0.000000
0.160328
0.000000
0.000000
0.000000
0.000000
0.000000
0.000000
0.006335
0.000000
0.000000
0.000000
0.000000
0.000000
0.000000
0.000000
0.000000
0.000000
0.000000
0.000000
0.000000
0.000000
0.000000
0.000000
0.000000
0.000000
0.000000
0.000000
0.000000
0.003011
0.000000
0.000000
0.000000
0.000000
0.000000
0.000000

objFunc:0.003715
x values:
0.104137
0.116583
0.069722
0.073577
0.039209
0.061795
0.109926
0.036132
0.000000
0.017346
0.033887
0.000000
0.018995
0.076200
0.000000
0.023246
0.000000
0.000000
0.000000
0.000000
0.000000
0.000000
0.000000
0.000000
0.000000
0.015605
0.000000
0.024670
0.000000
0.010672
0.014237
0.000000
0.013397
0.000000
0.000000
0.009483
0.000000
0.000000
0.011708
0.000000
0.000000
0.000000
0.000000
0.000000
0.000000
0.000000
0.000000
0.000000
0.000000
0.000000
0.000000
0.000000
0.029283
0.000000
0.000000
0.000000
0.008296
0.000000
0.000000
0.000000
0.000000
0.000000
0.000000
0.000000
0.000000
0.000000
0.000000
0.000000
0.000000
0.000000
0.000000
0.006223
0.000000
0.000000
0.000000
0.000000
0.000000
0.000000
0.000000
0.000000
0.000000
0.000000
0.000000
0.000000
0.000000
0.000000
0.000000
0.000000
0.000000
0.000000
0.000000
0.000000
0.003141
0.000000
0.000000
0.000000
0.072531
0.000000
0.000000

objFunc:0.003780
x values:
0.104066
0.118655
0.069405
0.073822
0.039806
0.062052
0.110995
0.034888
0.021454
0.016960
0.035064
0.000000
0.018339
0.000000
0.000000
0.023357
0.000000
0.000000
0.000000
0.000000
0.000000
0.000000
0.000000
0.000000
0.000000
0.015377
0.000000
0.027189
0.026716
0.011706
0.013678
0.000000
0.013322
0.000000
0.000000
0.009944
0.000000
0.000000
0.011827
0.000000
0.000000
0.000000
0.000000
0.000000
0.000000
0.000000
0.000000
0.000000
0.000000
0.000000
0.000000
0.000000
0.000000
0.000000
0.000000
0.000000
0.008511
0.000000
0.000000
0.000000
0.000000
0.000000
0.000000
0.000000
0.000000
0.000000
0.000000
0.000000
0.000000
0.000000
0.000000
0.006137
0.000000
0.000000
0.000000
0.000000
0.000000
0.000000
0.000000
0.000000
0.000000
0.000000
0.000000
0.000000
0.000000
0.000000
0.000000
0.000000
0.000000
0.000000
0.000000
0.000000
0.003174
0.000000
0.000000
0.000000
0.123558
0.000000
0.000000

objFunc:0.003955
x values:
0.104331
0.118512
0.069845
0.074053
0.040384
0.038957
0.082556
0.010792
0.021381
0.006976
0.012123
0.000000
0.005573
0.000000
0.000000
0.008614
0.000000
0.000000
0.000000
0.000000
0.000000
0.000000
0.000000
0.000000
0.000000
0.006834
0.000000
0.001164
0.001897
0.004040
0.001255
0.000000
0.001980
0.000000
0.000000
0.003002
0.000000
0.000000
0.001634
0.000000
0.000000
0.000000
0.000000
0.000000
0.000000
0.000000
0.000000
0.000000
0.000000
0.000000
0.000000
0.000000
0.000000
0.000000
0.000000
0.000000
0.001423
0.000000
0.000000
0.000000
0.000000
0.000000
0.000000
0.000000
0.381262
0.000000
0.000000
0.000000
0.000000
0.000000
0.000000
0.000991
0.000000
0.000000
0.000000
0.000000
0.000000
0.000000
0.000000
0.000000
0.000000
0.000000
0.000000
0.000000
0.000000
0.000000
0.000000
0.000000
0.000000
0.000000
0.000000
0.000000
0.000423
0.000000
0.000000
0.000000
0.000000
0.000000
0.000000

objFunc:0.004124
x values:
0.094834
0.100604
0.055173
0.063468
0.023222
0.038453
0.086363
0.011348
0.000000
0.005774
0.013376
0.000000
0.003900
0.000000
0.000000
0.007527
0.000000
0.000000
0.000000
0.000000
0.000259
0.000000
0.000000
0.000000
0.000000
0.006222
0.000091
0.000705
0.001982
0.011593
0.000284
0.000000
0.002086
0.000000
0.000000
0.009941
0.000000
0.000000
0.000000
0.000000
0.000000
0.000000
0.000000
0.000000
0.000000
0.000000
0.000000
0.000000
0.000000
0.000000
0.000000
0.000000
0.000000
0.000000
0.000000
0.000000
0.000482
0.000000
0.000000
0.000000
0.000000
0.000000
0.000000
0.000000
0.000000
0.000000
0.000000
0.000000
0.000000
0.000000
0.000000
0.006563
0.000000
0.000000
0.000000
0.000000
0.000000
0.000000
0.000000
0.000000
0.000000
0.000000
0.000000
0.000000
0.000000
0.000000
0.000000
0.000000
0.000000
0.000000
0.000000
0.000000
0.003399
0.000000
0.000000
0.000000
0.000000
0.452352
0.000000

objFunc:0.003995
x values:
0.094398
0.098635
0.055921
0.063350
0.023967
0.035093
0.086243
0.008781
0.000013
0.006766
0.014153
0.000000
0.003133
0.457251
0.000000
0.007886
0.000000
0.000000
0.000000
0.000000
0.000179
0.000000
0.000000
0.000000
0.000000
0.006534
0.000001
0.003568
0.000000
0.011483
0.000000
0.000000
0.001867
0.000000
0.000000
0.009970
0.000000
0.000000
0.000318
0.000000
0.000000
0.000000
0.000000
0.000000
0.000000
0.000000
0.000000
0.000000
0.000000
0.000000
0.000000
0.000000
0.000000
0.000000
0.000000
0.000000
0.000664
0.000000
0.000000
0.000000
0.000000
0.000000
0.000000
0.000000
0.000000
0.000000
0.000000
0.000000
0.000000
0.000000
0.000000
0.006417
0.000000
0.000000
0.000000
0.000000
0.000000
0.000000
0.000000
0.000000
0.000000
0.000000
0.000000
0.000000
0.000000
0.000000
0.000000
0.000000
0.000000
0.000000
0.000000
0.000000
0.003408
0.000000
0.000000
0.000000
0.000000
0.000000
0.000000

objFunc:0.003668
x values:
0.105154
0.121612
0.069631
0.075890
0.039341
0.064166
0.104368
0.043971
0.000000
0.019276
0.032495
0.000000
0.018996
0.062136
0.000000
0.023498
0.000000
0.000000
0.000000
0.085811
0.000000
0.000000
0.000000
0.000000
0.000000
0.015143
0.000000
0.026310
0.000000
0.011308
0.014914
0.000000
0.014337
0.000000
0.000000
0.009788
0.000000
0.000000
0.011777
0.000000
0.000000
0.000000
0.000000
0.000000
0.000000
0.000000
0.000000
0.000000
0.011084
0.000000
0.000000
0.000000
0.000000
0.000000
0.000000
0.000000
0.009111
0.000000
0.000000
0.000000
0.000000
0.000000
0.000000
0.000000
0.000000
0.000000
0.000000
0.000000
0.000000
0.000000
0.000000
0.006361
0.000000
0.000000
0.000000
0.000000
0.000000
0.000000
0.000000
0.000000
0.000000
0.000000
0.000000
0.000000
0.000000
0.000000
0.000000
0.000000
0.000000
0.000000
0.000000
0.000000
0.003522
0.000000
0.000000
0.000000
0.000000
0.000000
0.000000

objFunc:0.004512
x values:
0.104976
0.121302
0.068578
0.075454
0.039747
0.040634
0.089657
0.010329
0.000000
0.005463
0.014824
0.000000
0.006304
0.000000
0.000000
0.008939
0.000000
0.000000
0.000000
0.000000
0.000703
0.000000
0.000000
0.000000
0.005282
0.006204
0.000000
0.005177
0.000000
0.002899
0.000841
0.001243
0.001596
0.000000
0.384302
0.003178
0.000000
0.000000
0.001922
0.000000
0.000000
0.000056
0.000000
0.000000
0.000000
0.000000
0.000000
0.000000
0.000000
0.000000
0.000000
0.000000
0.000000
0.000000
0.000000
0.000000
0.000000
0.000000
0.000000
0.000000
0.000000
0.000000
0.000000
0.000000
0.000000
0.000000
0.000000
0.000000
0.000000
0.000000
0.000000
0.000389
0.000000
0.000000
0.000000
0.000000
0.000000
0.000000
0.000000
0.000000
0.000000
0.000000
0.000000
0.000000
0.000000
0.000000
0.000000
0.000000
0.000000
0.000000
0.000000
0.000000
0.000000
0.000000
0.000000
0.000000
0.000000
0.000000
0.000000

objFunc:0.006870
x values:
0.106415
0.120208
0.055725
0.061091
0.024489
0.041741
0.100843
0.036273
0.000000
0.021983
0.014255
0.000000
0.018384
0.000000
0.000000
0.008716
0.000000
0.000000
0.000000
0.000000
0.000000
0.000000
0.000000
0.000000
0.007420
0.016295
0.000000
0.024950
0.000435
0.013042
0.000000
0.001830
0.001379
0.000000
0.000000
0.010921
0.000000
0.000000
0.011491
0.000000
0.000000
0.015090
0.000000
0.000000
0.000000
0.000000
0.000000
0.000000
0.000000
0.000000
0.000000
0.000000
0.000000
0.000000
0.000000
0.000000
0.000076
0.000000
0.000000
0.000000
0.000000
0.000000
0.000000
0.000000
0.000000
0.000000
0.000000
0.000000
0.000000
0.000000
0.000000
0.007218
0.000000
0.000000
0.000000
0.000000
0.000000
0.000000
0.000000
0.000000
0.000000
0.000000
0.000000
0.000000
0.000000
0.000000
0.000000
0.000000
0.000000
0.000000
0.000000
0.000000
0.000000
0.000000
0.000000
0.000000
0.279730
0.000000
0.000000

objFunc:0.005141
x values:
0.105201
0.119621
0.069303
0.076069
0.039736
0.059435
0.101817
0.000000
0.000000
0.021315
0.032993
0.000000
0.020300
0.000000
0.000000
0.019420
0.000000
0.000000
0.000000
0.000000
0.000000
0.000000
0.000000
0.012500
0.004953
0.016263
0.000000
0.002205
0.000000
0.014224
0.014100
0.012704
0.014063
0.000000
0.000000
0.010639
0.000000
0.000000
0.011688
0.000000
0.000000
0.014553
0.000000
0.000000
0.000000
0.000000
0.000000
0.190612
0.000000
0.000000
0.000000
0.000000
0.000000
0.000000
0.000000
0.000000
0.009553
0.000000
0.000000
0.000000
0.000000
0.000000
0.000000
0.000000
0.000000
0.000000
0.000000
0.000000
0.000000
0.000000
0.000000
0.006731
0.000000
0.000000
0.000000
0.000000
0.000000
0.000000
0.000000
0.000000
0.000000
0.000000
0.000000
0.000000
0.000000
0.000000
0.000000
0.000000
0.000000
0.000000
0.000000
0.000000
0.000000
0.000000
0.000000
0.000000
0.000000
0.000000
0.000000

objFunc:0.005192
x values:
0.105169
0.118671
0.068637
0.077894
0.040899
0.058439
0.100890
0.000000
0.000000
0.023656
0.031831
0.000000
0.019062
0.000000
0.000000
0.023603
0.000000
0.000000
0.000000
0.000000
0.015697
0.000000
0.000000
0.000000
0.027282
0.016042
0.000000
0.026876
0.000000
0.015539
0.013799
0.012559
0.014113
0.000000
0.000000
0.010325
0.000000
0.137492
0.011312
0.000000
0.000000
0.014182
0.000000
0.000000
0.000000
0.000000
0.000000
0.000000
0.000000
0.000000
0.000000
0.000000
0.000000
0.000000
0.000000
0.000000
0.009057
0.000000
0.000000
0.000000
0.000000
0.000000
0.000000
0.000000
0.000000
0.000000
0.000000
0.000000
0.000000
0.000000
0.000000
0.006973
0.000000
0.000000
0.000000
0.000000
0.000000
0.000000
0.000000
0.000000
0.000000
0.000000
0.000000
0.000000
0.000000
0.000000
0.000000
0.000000
0.000000
0.000000
0.000000
0.000000
0.000000
0.000000
0.000000
0.000000
0.000000
0.000000
0.000000

objFunc:0.004296
x values:
0.104882
0.118450
0.069087
0.080253
0.040502
0.043089
0.091105
0.011570
0.000000
0.000000
0.012683
0.000000
0.006496
0.000000
0.000000
0.011011
0.000000
0.000000
0.000000
0.000000
0.000657
0.000000
0.000000
0.000000
0.007529
0.007061
0.000000
0.001341
0.000308
0.000000
0.001184
0.002818
0.002745
0.000000
0.000000
0.001704
0.000000
0.000000
0.002503
0.000000
0.000000
0.002182
0.000000
0.000000
0.000000
0.000000
0.000000
0.379395
0.000000
0.000000
0.000000
0.000000
0.000000
0.000000
0.000000
0.000000
0.001274
0.000000
0.000000
0.000000
0.000000
0.000000
0.000000
0.000000
0.000000
0.000000
0.000000
0.000000
0.000000
0.000000
0.000000
0.000170
0.000000
0.000000
0.000000
0.000000
0.000000
0.000000
0.000000
0.000000
0.000000
0.000000
0.000000
0.000000
0.000000
0.000000
0.000000
0.000000
0.000000
0.000000
0.000000
0.000000
0.000000
0.000000
0.000000
0.000000
0.000000
0.000000
0.000000

objFunc:0.003810
x values:
0.104666
0.116866
0.068865
0.081090
0.042187
0.059379
0.100951
0.035714
0.136355
0.000000
0.029757
0.000000
0.017398
0.000000
0.000000
0.023042
0.000000
0.000000
0.000000
0.018711
0.014040
0.000000
0.000000
0.000000
0.022606
0.014962
0.000000
0.022612
0.000000
0.000000
0.014219
0.010809
0.013684
0.000000
0.000000
0.010299
0.000000
0.000000
0.012002
0.000000
0.000000
0.013546
0.000000
0.000000
0.000000
0.000000
0.000000
0.000000
0.000000
0.000000
0.000000
0.000000
0.000000
0.000000
0.000000
0.000000
0.009243
0.000000
0.000000
0.000000
0.000000
0.000000
0.000000
0.000000
0.000000
0.000000
0.000000
0.000000
0.000000
0.000000
0.000000
0.007000
0.000000
0.000000
0.000000
0.000000
0.000000
0.000000
0.000000
0.000000
0.000000
0.000000
0.000000
0.000000
0.000000
0.000000
0.000000
0.000000
0.000000
0.000000
0.000000
0.000000
0.000000
0.000000
0.000000
0.000000
0.000000
0.000000
0.000000

objFunc:0.003909
x values:
0.093998
0.102420
0.054390
0.040250
0.021815
0.039676
0.091298
0.012481
0.000000
0.000000
0.014912
0.000000
0.007474
0.000000
0.000000
0.008054
0.000000
0.000000
0.000000
0.001890
0.001543
0.000000
0.000000
0.000000
0.009375
0.006561
0.000000
0.003833
0.000954
0.000000
0.000138
0.003373
0.001526
0.000000
0.000000
0.002475
0.000000
0.000000
0.001666
0.000000
0.000000
0.003104
0.000000
0.000000
0.000000
0.000000
0.000000
0.000000
0.000000
0.000000
0.000000
0.000000
0.000000
0.000000
0.000000
0.000000
0.000000
0.000000
0.000230
0.000000
0.000000
0.476563
0.000000
0.000000
0.000000
0.000000
0.000000
0.000000
0.000000
0.000000
0.000000
0.000000
0.000000
0.000000
0.000000
0.000000
0.000000
0.000000
0.000000
0.000000
0.000000
0.000000
0.000000
0.000000
0.000000
0.000000
0.000000
0.000000
0.000000
0.000000
0.000000
0.000000
0.000000
0.000000
0.000000
0.000000
0.000000
0.000000
0.000000

objFunc:0.003406
x values:
0.105070
0.115449
0.070268
0.093039
0.039646
0.057513
0.091504
0.031687
0.219501
0.000000
0.029469
0.000000
0.007996
0.000000
0.000000
0.022417
0.000000
0.000000
0.000000
0.016988
0.002536
0.000000
0.000000
0.000000
0.011106
0.007407
0.000000
0.029177
0.024451
0.000000
0.000000
0.004146
0.001900
0.000000
0.000000
0.003135
0.000000
0.000000
0.001720
0.000000
0.000000
0.003598
0.000000
0.000000
0.000000
0.000000
0.000000
0.000000
0.000000
0.000000
0.000000
0.000000
0.000000
0.000000
0.000000
0.000000
0.000000
0.000000
0.009670
0.000000
0.000000
0.000000
0.000000
0.000000
0.000000
0.000000
0.000000
0.000000
0.000000
0.000000
0.000000
0.000609
0.000000
0.000000
0.000000
0.000000
0.000000
0.000000
0.000000
0.000000
0.000000
0.000000
0.000000
0.000000
0.000000
0.000000
0.000000
0.000000
0.000000
0.000000
0.000000
0.000000
0.000000
0.000000
0.000000
0.000000
0.000000
0.000000
0.000000

objFunc:0.003157
x values:
0.106698
0.114173
0.055717
0.105156
0.030886
0.055345
0.099582
0.030398
0.000000
0.000000
0.028009
0.000000
0.016453
0.000000
0.000000
0.022360
0.000000
0.000000
0.000000
0.003335
0.012819
0.000000
0.000000
0.000000
0.019475
0.014583
0.000000
0.000000
0.006902
0.000000
0.000000
0.009698
0.000555
0.000000
0.000000
0.009349
0.000000
0.203660
0.013457
0.000000
0.000000
0.013446
0.000000
0.000000
0.000000
0.000000
0.000000
0.000000
0.000000
0.000000
0.000000
0.000000
0.000000
0.000000
0.000000
0.000000
0.000000
0.000000
0.010280
0.000000
0.000000
0.000000
0.000000
0.006561
0.000000
0.000000
0.000000
0.000000
0.000000
0.000000
0.000000
0.000000
0.000000
0.000000
0.000000
0.000000
0.000000
0.000000
0.011101
0.000000
0.000000
0.000000
0.000000
0.000000
0.000000
0.000000
0.000000
0.000000
0.000000
0.000000
0.000000
0.000000
0.000000
0.000000
0.000000
0.000000
0.000000
0.000000
0.000000

objFunc:0.002519
x values:
0.092173
0.105514
0.054617
0.049453
0.025316
0.045362
0.092666
0.016986
0.000000
0.024738
0.016872
0.000000
0.008138
0.000000
0.000000
0.010649
0.000000
0.000000
0.000000
0.003412
0.003042
0.000000
0.000000
0.000000
0.012459
0.007291
0.000000
0.000000
0.007739
0.000000
0.000000
0.009154
0.001677
0.000000
0.000000
0.008925
0.000000
0.382722
0.000000
0.000000
0.000000
0.003986
0.000000
0.000000
0.000000
0.000000
0.000000
0.000000
0.000000
0.000000
0.000000
0.000000
0.000000
0.000000
0.000000
0.000000
0.000000
0.000000
0.001163
0.000000
0.000000
0.000000
0.000000
0.005687
0.000000
0.000000
0.000000
0.000000
0.000000
0.000000
0.000000
0.000000
0.000000
0.000000
0.000000
0.000000
0.000000
0.000000
0.010260
0.000000
0.000000
0.000000
0.000000
0.000000
0.000000
0.000000
0.000000
0.000000
0.000000
0.000000
0.000000
0.000000
0.000000
0.000000
0.000000
0.000000
0.000000
0.000000
0.000000

objFunc:0.002560
x values:
0.109374
0.113536
0.070598
0.095577
0.038114
0.045069
0.098881
0.030474
0.000000
0.021388
0.029591
0.000000
0.007814
0.030371
0.000000
0.022797
0.000000
0.001008
0.176703
0.000000
0.000000
0.000000
0.000000
0.000000
0.013033
0.016459
0.000000
0.000000
0.020967
0.000000
0.000000
0.005418
0.014597
0.000000
0.000000
0.004010
0.000000
0.000000
0.000000
0.000000
0.000000
0.013366
0.000000
0.000000
0.000000
0.000000
0.000000
0.000000
0.000000
0.000000
0.000000
0.000000
0.000000
0.000000
0.000000
0.000000
0.009789
0.000000
0.009479
0.000000
0.000000
0.000000
0.000000
0.001589
0.000000
0.000000
0.000000
0.000000
0.000000
0.000000
0.000000
0.000000
0.000000
0.000000
0.000000
0.000000
0.000000
0.000000
0.000000
0.000000
0.000000
0.000000
0.000000
0.000000
0.000000
0.000000
0.000000
0.000000
0.000000
0.000000
0.000000
0.000000
0.000000
0.000000
0.000000
0.000000
0.000000
0.000000
0.000000

objFunc:0.002381
x values:
0.111090
0.113570
0.070925
0.084732
0.039634
0.055823
0.099293
0.029797
0.000000
0.020018
0.031846
0.000000
0.007517
0.000000
0.000000
0.023414
0.000000
0.000285
0.173144
0.018610
0.000000
0.000000
0.000000
0.000000
0.013298
0.005741
0.000000
0.028774
0.024056
0.000000
0.000000
0.008637
0.000000
0.000000
0.000000
0.009073
0.000000
0.000000
0.000000
0.000000
0.000000
0.013588
0.000000
0.000000
0.000000
0.000000
0.000000
0.000000
0.000000
0.000000
0.000000
0.000000
0.000000
0.000000
0.000000
0.000000
0.000000
0.000000
0.009264
0.000000
0.000000
0.000000
0.000000
0.001830
0.000000
0.000000
0.000000
0.000000
0.006040
0.000000
0.000000
0.000000
0.000000
0.000000
0.000000
0.000000
0.000000
0.000000
0.000000
0.000000
0.000000
0.000000
0.000000
0.000000
0.000000
0.000000
0.000000
0.000000
0.000000
0.000000
0.000000
0.000000
0.000000
0.000000
0.000000
0.000000
0.000000
0.000000
0.000000

objFunc:0.002050
x values:
0.108931
0.113118
0.071082
0.079082
0.045765
0.056529
0.099405
0.028192
0.000000
0.018737
0.027364
0.000000
0.016256
0.031431
0.000000
0.012558
0.000000
0.000000
0.000000
0.015128
0.014183
0.000000
0.000000
0.000000
0.017834
0.017554
0.000000
0.024688
0.022241
0.136500
0.000000
0.008558
0.000000
0.000000
0.000000
0.008491
0.000000
0.000000
0.000000
0.000000
0.000000
0.015494
0.000000
0.000000
0.000000
0.000000
0.000000
0.000000
0.000000
0.000000
0.000000
0.000000
0.000000
0.000000
0.000000
0.000000
0.000000
0.000000
0.000000
0.000000
0.000000
0.000000
0.000000
0.005190
0.000000
0.000000
0.000000
0.000000
0.005689
0.000000
0.000000
0.000000
0.000000
0.000000
0.000000
0.000000
0.000000
0.000000
0.000000
0.000000
0.000000
0.000000
0.000000
0.000000
0.000000
0.000000
0.000000
0.000000
0.000000
0.000000
0.000000
0.000000
0.000000
0.000000
0.000000
0.000000
0.000000
0.000000
0.000000

objFunc:0.001884
x values:
0.105258
0.113846
0.071316
0.079164
0.039668
0.056405
0.100903
0.032931
0.021183
0.023107
0.027722
0.000000
0.017511
0.030946
0.000000
0.000000
0.000000
0.000000
0.000000
0.017338
0.012573
0.000000
0.027318
0.000000
0.018653
0.017370
0.000000
0.021517
0.024129
0.000000
0.000000
0.009130
0.000000
0.000000
0.000000
0.008304
0.000000
0.000000
0.000000
0.000000
0.000000
0.000000
0.000000
0.000000
0.000000
0.106026
0.000000
0.000000
0.000000
0.000000
0.000000
0.000000
0.000000
0.000000
0.000000
0.000000
0.000000
0.000000
0.000000
0.000000
0.000000
0.000000
0.000000
0.005581
0.000000
0.000000
0.000000
0.000000
0.000000
0.000000
0.000000
0.000000
0.000000
0.000000
0.000000
0.000000
0.000000
0.012104
0.000000
0.000000
0.000000
0.000000
0.000000
0.000000
0.000000
0.000000
0.000000
0.000000
0.000000
0.000000
0.000000
0.000000
0.000000
0.000000
0.000000
0.000000
0.000000
0.000000
0.000000

objFunc:0.002146
x values:
0.094127
0.104772
0.054437
0.000000
0.025151
0.045172
0.091817
0.016025
0.004915
0.000000
0.018090
0.000000
0.007440
0.000000
0.000000
0.005136
0.000000
0.000926
0.000000
0.000000
0.003318
0.000000
0.000000
0.000000
0.012781
0.006029
0.000000
0.007535
0.006671
0.000000
0.000000
0.009145
0.001553
0.000000
0.000000
0.003633
0.000000
0.000000
0.000000
0.000000
0.000000
0.001960
0.000000
0.000000
0.000000
0.000000
0.000000
0.000000
0.000000
0.000000
0.000000
0.000000
0.000000
0.000000
0.000000
0.000000
0.000000
0.000000
0.000000
0.000000
0.000000
0.000000
0.000000
0.005507
0.000000
0.000000
0.000000
0.000000
0.000000
0.000000
0.000000
0.000000
0.000000
0.000000
0.000000
0.000000
0.000000
0.000245
0.000749
0.000000
0.000000
0.000000
0.000000
0.000000
0.000000
0.000000
0.000000
0.000000
0.472866
0.000000
0.000000
0.000000
0.000000
0.000000
0.000000
0.000000
0.000000
0.000000
0.000000

objFunc:0.001674
x values:
0.092760
0.105085
0.051527
0.059492
0.000000
0.046020
0.091219
0.015066
0.003687
0.000000
0.018378
0.000000
0.006920
0.000000
0.000000
0.000000
0.000000
0.000605
0.000000
0.000000
0.003987
0.000000
0.000000
0.000000
0.013247
0.005889
0.000000
0.010942
0.007964
0.435553
0.000000
0.005510
0.000000
0.000000
0.000000
0.003820
0.000000
0.000000
0.000000
0.000000
0.000000
0.000000
0.000000
0.000000
0.000000
0.000000
0.000000
0.008986
0.000000
0.000000
0.000000
0.000000
0.000000
0.000000
0.000000
0.000000
0.000000
0.000000
0.000000
0.000000
0.000000
0.000000
0.008567
0.001765
0.000000
0.000000
0.000000
0.000000
0.000361
0.000000
0.000000
0.000000
0.000000
0.000000
0.000000
0.000000
0.000000
0.002053
0.000595
0.000000
0.000000
0.000000
0.000000
0.000000
0.000000
0.000000
0.000000
0.000000
0.000000
0.000000
0.000000
0.000000
0.000000
0.000000
0.000000
0.000000
0.000000
0.000000
0.000000
