Outputs 30 runs
objFunc:0.001529

x values:
0.431809
0.106627
0.059574
0.066661
0.028707
0.043593
0.071413
0.018122
0.005599
0.009952
0.017386
0.002568
0.006258
0.009034
0.000000
0.013095
0.001167
0.001913
0.000760
0.000000
0.005003
0.000000
0.000000
0.003919
0.000000
0.008858
0.002525
0.011369
0.007008
0.006696
0.004946
0.000000
0.004960
0.002324
0.000000
0.004442
0.000000
0.000000
0.002824
0.000319
0.003281
0.004119
0.000000
0.003434
0.000000
0.003104
0.001184
0.000000
0.003383
0.000000
0.000000
0.001761
0.000000
0.000000
0.000000
0.000000
0.003549
0.000355
0.000000
0.000000
0.000000
0.000000
0.000000
0.000000
0.000000
0.000000
0.001083
0.001959
0.000272
0.000000
0.002164
0.002487
0.000000
0.000000
0.000000
0.000000
0.000000
0.002829
0.002200
0.000000
0.000000
0.000000
0.000000
0.000000
0.000000
0.000000
0.001214
0.000000
0.000000
0.000862
0.000000
0.000000
0.001330
0.000000
0.000000
0.000000
0.000000
0.000000
0.000000

objFunc:0.001715
x values:
0.101177
0.112957
0.066457
0.071738
0.035177
0.061093
0.108690
0.029613
0.020857
0.014935
0.029392
0.010175
0.017213
0.026827
0.000000
0.019118
0.005128
0.008529
0.000000
0.000000
0.011450
0.000000
0.000000
0.009643
0.000000
0.012806
0.007723
0.019537
0.022170
0.009045
0.010701
0.000000
0.010239
0.008610
0.000000
0.008404
0.000000
0.000000
0.008946
0.006460
0.009477
0.013119
0.000000
0.007986
0.000000
0.011168
0.005087
0.008747
0.008616
0.000000
0.000000
0.004571
0.000000
0.000000
0.000000
0.000000
0.006095
0.000000
0.000000
0.000000
0.000000
0.000000
0.000000
0.000000
0.000000
0.000000
0.005973
0.005307
0.000469
0.000000
0.006147
0.004779
0.000000
0.000000
0.000000
0.000000
0.000000
0.001060
0.009120
0.000000
0.000000
0.000000
0.000000
0.000000
0.000000
0.000000
0.004790
0.000000
0.000000
0.001203
0.000000
0.000000
0.001339
0.000139
0.000000
0.000000
0.000000
0.000000
0.000000

objFunc:0.001708
x values:
0.101358
0.113501
0.066696
0.071947
0.035987
0.063011
0.110315
0.033798
0.021647
0.015240
0.028454
0.012395
0.018095
0.032925
0.000000
0.019487
0.005254
0.009717
0.011663
0.000000
0.012674
0.000000
0.000000
0.009573
0.000000
0.013098
0.007938
0.019246
0.024428
0.009158
0.010485
0.000000
0.010744
0.009421
0.000000
0.008313
0.000000
0.000000
0.009385
0.006066
0.010334
0.013123
0.000000
0.008698
0.000000
0.001372
0.000943
0.000610
0.008837
0.000243
0.000000
0.004570
0.000000
0.000000
0.000000
0.000000
0.006082
0.000000
0.000000
0.000000
0.000000
0.000000
0.000000
0.000000
0.000000
0.000000
0.000883
0.005232
0.000000
0.000000
0.002032
0.004792
0.000000
0.000000
0.000000
0.000000
0.000000
0.000000
0.007300
0.000000
0.000000
0.000000
0.000000
0.000000
0.000000
0.000000
0.001116
0.000000
0.000000
0.000503
0.000000
0.000000
0.001311
0.000000
0.000000
0.000000
0.000000
0.000000
0.000000

objFunc:0.001660
x values:
0.101510
0.112589
0.067611
0.072911
0.036761
0.057815
0.104175
0.031578
0.000000
0.015960
0.028440
0.012539
0.016397
0.000000
0.000000
0.019026
0.005800
0.009581
0.011420
0.020050
0.015786
0.000000
0.000000
0.009777
0.030552
0.012809
0.008345
0.019411
0.023798
0.009246
0.010498
0.000000
0.010112
0.010010
0.000000
0.008454
0.000000
0.000000
0.009546
0.006058
0.011775
0.012280
0.000000
0.008805
0.000000
0.012225
0.005337
0.000000
0.009559
0.000412
0.000000
0.004751
0.000000
0.000000
0.000000
0.000000
0.006144
0.000000
0.000151
0.000000
0.000000
0.000000
0.000000
0.000148
0.000000
0.000000
0.000668
0.005688
0.000000
0.000000
0.001267
0.005003
0.000000
0.000000
0.000000
0.000000
0.000000
0.000000
0.005341
0.000000
0.000000
0.000000
0.000000
0.000000
0.000000
0.000000
0.000281
0.000000
0.000000
0.000337
0.000000
0.000000
0.001263
0.000000
0.000000
0.000000
0.000000
0.000000
0.000000

objFunc:0.001952
x values:
0.101818
0.112818
0.066786
0.072622
0.036616
0.056537
0.104069
0.031440
0.020426
0.015779
0.029128
0.011621
0.017078
0.000000
0.000000
0.018921
0.005854
0.009036
0.011525
0.000000
0.013662
0.000000
0.008255
0.010711
0.029237
0.012914
0.008625
0.020167
0.021713
0.009499
0.010885
0.000000
0.010377
0.000000
0.000000
0.008596
0.000000
0.000000
0.009820
0.006898
0.010129
0.012542
0.000000
0.009048
0.000000
0.013099
0.005690
0.008880
0.009772
0.000180
0.000000
0.005021
0.000000
0.000000
0.000000
0.000000
0.006362
0.000000
0.000000
0.000000
0.000000
0.000000
0.000000
0.000000
0.000000
0.000000
0.000359
0.001489
0.000000
0.000000
0.001403
0.005159
0.000000
0.000000
0.000000
0.000000
0.000000
0.000749
0.004662
0.000000
0.000000
0.000000
0.000000
0.000000
0.000000
0.000000
0.000337
0.000000
0.000000
0.000499
0.000000
0.000000
0.001184
0.000000
0.000000
0.000000
0.000000
0.000000
0.000000

objFunc:0.002274
x values:
0.101918
0.113272
0.067240
0.072284
0.036485
0.057637
0.104077
0.030596
0.022363
0.015530
0.029057
0.012242
0.016744
0.000000
0.000000
0.018985
0.005694
0.008967
0.000000
0.000000
0.013808
0.000000
0.008500
0.011210
0.000000
0.013018
0.008576
0.019980
0.022644
0.009894
0.011548
0.013794
0.010642
0.000000
0.000000
0.008526
0.006072
0.000000
0.009716
0.006628
0.010363
0.012447
0.000000
0.009269
0.000000
0.013112
0.005743
0.008906
0.009258
0.000000
0.000000
0.005323
0.000000
0.000000
0.000000
0.000000
0.006465
0.000000
0.010112
0.000000
0.000000
0.000000
0.000000
0.000000
0.000000
0.000000
0.000435
0.001276
0.000123
0.000000
0.006730
0.005162
0.000000
0.000000
0.000000
0.000000
0.000000
0.005475
0.000994
0.000000
0.000000
0.000000
0.000000
0.000000
0.000000
0.000000
0.000018
0.000000
0.000000
0.000000
0.000000
0.000000
0.001142
0.000000
0.000000
0.000000
0.000000
0.000000
0.000000

objFunc:0.001965
x values:
0.101831
0.112725
0.066550
0.072089
0.037064
0.055877
0.103082
0.029036
0.019159
0.015438
0.027256
0.011415
0.015758
0.000000
0.000000
0.019020
0.005664
0.008563
0.000000
0.000000
0.013446
0.000000
0.008524
0.010069
0.028647
0.012896
0.008011
0.019955
0.022501
0.009512
0.011141
0.011849
0.010581
0.000000
0.000000
0.008165
0.000000
0.000000
0.009609
0.006375
0.010121
0.012619
0.000000
0.008274
0.000000
0.013027
0.005284
0.000000
0.008893
0.000000
0.000000
0.005258
0.000000
0.000000
0.000000
0.000000
0.006451
0.000000
0.010406
0.000000
0.000000
0.000000
0.000000
0.006869
0.000000
0.000000
0.000614
0.000939
0.000180
0.000000
0.001512
0.005139
0.000000
0.000000
0.000000
0.000000
0.000000
0.002841
0.008436
0.000000
0.000000
0.000000
0.000000
0.000000
0.000000
0.000000
0.000141
0.000000
0.000000
0.000000
0.000000
0.000000
0.001188
0.000000
0.000000
0.000000
0.000000
0.000000
0.000000

objFunc:0.002122
x values:
0.102183
0.113394
0.066916
0.072150
0.036628
0.056256
0.101920
0.029327
0.020521
0.015519
0.027926
0.011012
0.015732
0.000000
0.000000
0.018889
0.005939
0.008554
0.000000
0.000000
0.014142
0.000000
0.008398
0.011094
0.028180
0.013277
0.008315
0.020033
0.024500
0.009755
0.011472
0.011459
0.010465
0.000000
0.000000
0.008238
0.005982
0.000000
0.009421
0.006489
0.010689
0.012545
0.000000
0.008469
0.000000
0.000000
0.005512
0.000000
0.009299
0.007927
0.000000
0.005599
0.000000
0.000000
0.000000
0.000000
0.006521
0.000000
0.009846
0.000000
0.000000
0.000000
0.000000
0.000000
0.000000
0.000000
0.006609
0.001092
0.000256
0.000000
0.000970
0.005152
0.000000
0.000000
0.000000
0.000000
0.000000
0.003091
0.001200
0.000000
0.000000
0.000000
0.000000
0.000000
0.000000
0.000000
0.000000
0.000000
0.000000
0.000000
0.000000
0.000000
0.001137
0.000000
0.000000
0.000000
0.000000
0.000000
0.000000

objFunc:0.001900
x values:
0.102030
0.113259
0.066275
0.071341
0.035854
0.056107
0.103035
0.030048
0.017570
0.014951
0.028440
0.010773
0.015644
0.000000
0.000000
0.019870
0.005524
0.009656
0.000000
0.020275
0.013661
0.000000
0.000000
0.010845
0.000000
0.013352
0.007793
0.019974
0.022907
0.009267
0.010971
0.011373
0.010623
0.010201
0.000000
0.008021
0.000000
0.000000
0.009324
0.006275
0.010911
0.012640
0.000000
0.008867
0.000000
0.000000
0.005002
0.000000
0.008924
0.000000
0.000000
0.005599
0.000000
0.000000
0.000000
0.000000
0.006637
0.000000
0.010193
0.000000
0.000000
0.000000
0.008938
0.000000
0.000000
0.000000
0.006201
0.006799
0.000493
0.000000
0.006192
0.004978
0.000000
0.000000
0.000000
0.000000
0.000000
0.002295
0.006928
0.000000
0.000000
0.000000
0.000000
0.000000
0.000000
0.000000
0.000508
0.000000
0.000000
0.000165
0.000000
0.000000
0.002489
0.000000
0.000000
0.000000
0.000000
0.000000
0.000000

objFunc:0.001834
x values:
0.101882
0.114085
0.065935
0.071340
0.035963
0.055925
0.103182
0.029116
0.016393
0.014635
0.028717
0.012278
0.015146
0.000000
0.000000
0.019742
0.005372
0.000000
0.011071
0.000000
0.012702
0.000000
0.000000
0.009609
0.000000
0.013120
0.007609
0.020943
0.020268
0.009693
0.010524
0.010963
0.010436
0.010146
0.000000
0.008165
0.000000
0.000000
0.009254
0.006216
0.010302
0.012518
0.000000
0.009276
0.000000
0.012373
0.004692
0.000000
0.008615
0.000000
0.000000
0.005607
0.000000
0.000000
0.000000
0.000000
0.006652
0.000000
0.000000
0.000000
0.000000
0.000000
0.008990
0.000000
0.000000
0.000000
0.006083
0.006551
0.005854
0.000000
0.006157
0.004869
0.000000
0.000000
0.000000
0.000000
0.000000
0.010477
0.009174
0.000000
0.003073
0.000000
0.000000
0.000000
0.000000
0.000000
0.005236
0.000000
0.000000
0.000605
0.000000
0.000000
0.002470
0.000000
0.000000
0.000000
0.000000
0.000000
0.000000

objFunc:0.001764
x values:
0.101835
0.113674
0.065867
0.071254
0.035929
0.055145
0.101737
0.029426
0.015976
0.014883
0.027470
0.011488
0.015064
0.048550
0.000000
0.019780
0.005124
0.000000
0.010564
0.000000
0.011831
0.000000
0.000000
0.009411
0.000000
0.012849
0.007408
0.021255
0.019677
0.009473
0.010360
0.011884
0.010276
0.009218
0.000000
0.008044
0.000000
0.000000
0.009146
0.005899
0.009432
0.012473
0.000000
0.010036
0.000000
0.012182
0.001443
0.000000
0.008451
0.000000
0.000000
0.005042
0.000000
0.000000
0.000000
0.000000
0.006452
0.000000
0.000000
0.000000
0.000000
0.000000
0.000253
0.000000
0.000000
0.000000
0.000982
0.000999
0.000393
0.000000
0.006102
0.004871
0.000000
0.000000
0.000000
0.000000
0.000000
0.010738
0.003209
0.000000
0.000000
0.000000
0.000000
0.000000
0.000000
0.000000
0.004991
0.000000
0.000000
0.000265
0.000000
0.000000
0.001189
0.000000
0.000000
0.000000
0.000000
0.000000
0.000000

objFunc:0.001626
x values:
0.101793
0.113397
0.065620
0.071182
0.035938
0.054765
0.099550
0.028540
0.016209
0.015074
0.026427
0.000000
0.015385
0.118487
0.000000
0.019810
0.001350
0.000000
0.001724
0.000000
0.011060
0.000000
0.000529
0.009450
0.000000
0.012875
0.003139
0.020718
0.019008
0.009294
0.010417
0.000000
0.009938
0.008371
0.000000
0.005128
0.000000
0.000000
0.009663
0.001513
0.009344
0.002073
0.000000
0.000143
0.000000
0.012035
0.004491
0.000000
0.008129
0.000000
0.000000
0.005252
0.000000
0.000000
0.000000
0.000000
0.006644
0.000000
0.000000
0.000000
0.000000
0.000000
0.008221
0.000000
0.000000
0.000000
0.001239
0.000000
0.000529
0.000000
0.006016
0.002535
0.000000
0.000000
0.000000
0.000000
0.000000
0.003040
0.008409
0.000000
0.000045
0.000084
0.000000
0.000000
0.000000
0.000000
0.003965
0.000000
0.000000
0.000272
0.000000
0.000000
0.001179
0.000000
0.000000
0.000000
0.000000
0.000000
0.000000

objFunc:0.001551
x values:
0.101932
0.105452
0.060047
0.066807
0.029090
0.044305
0.092102
0.017894
0.007116
0.010239
0.019404
0.000000
0.008641
0.318914
0.000000
0.013056
0.001462
0.000000
0.001172
0.000000
0.004967
0.000000
0.000000
0.003389
0.000000
0.009262
0.003135
0.010597
0.008443
0.006366
0.004620
0.000000
0.005446
0.002309
0.000000
0.005138
0.000000
0.000000
0.004301
0.001431
0.003528
0.002981
0.000000
0.000082
0.000000
0.001170
0.001461
0.000000
0.003481
0.000000
0.000000
0.001526
0.000000
0.000000
0.000000
0.000000
0.003256
0.000000
0.000000
0.000000
0.000000
0.000000
0.001073
0.000149
0.000000
0.000000
0.001091
0.000000
0.000889
0.000000
0.002225
0.002609
0.000000
0.000000
0.000000
0.000000
0.000000
0.001786
0.002617
0.000000
0.000091
0.000000
0.000000
0.000000
0.000000
0.000000
0.001236
0.000000
0.000000
0.000527
0.000000
0.000000
0.001185
0.000000
0.000000
0.000000
0.000000
0.000000
0.000000

objFunc:0.001497
x values:
0.102000
0.114609
0.065508
0.071813
0.035199
0.055872
0.099309
0.031961
0.018263
0.015233
0.026719
0.000000
0.014937
0.000000
0.000000
0.019259
0.004931
0.000000
0.010403
0.000000
0.011369
0.000000
0.000000
0.009790
0.022137
0.012687
0.007258
0.019651
0.021832
0.009230
0.010557
0.010101
0.010419
0.008417
0.000000
0.007836
0.000000
0.000000
0.008849
0.005797
0.009489
0.011810
0.000000
0.010700
0.000000
0.011787
0.004576
0.000000
0.007949
0.007970
0.000000
0.004840
0.000000
0.000000
0.000000
0.000000
0.006619
0.000000
0.009310
0.000000
0.000000
0.000000
0.008379
0.005848
0.000000
0.000000
0.006279
0.000000
0.005696
0.000000
0.006158
0.004771
0.000000
0.000000
0.000000
0.000000
0.000000
0.000000
0.008745
0.000000
0.000000
0.000000
0.000000
0.000000
0.000000
0.000000
0.004158
0.000000
0.000000
0.000461
0.000000
0.000000
0.002507
0.000000
0.000000
0.000000
0.000000
0.000000
0.000000

objFunc:0.002324
x values:
0.102479
0.115715
0.065711
0.072325
0.036157
0.055055
0.098996
0.030555
0.018431
0.016041
0.026812
0.012260
0.015141
0.000000
0.000000
0.020147
0.005417
0.000000
0.012031
0.000000
0.011767
0.000000
0.000000
0.010128
0.020869
0.013461
0.007871
0.020148
0.022468
0.010320
0.011008
0.010228
0.010871
0.008934
0.000000
0.008195
0.000000
0.000000
0.009357
0.006567
0.009887
0.012310
0.000000
0.009779
0.000000
0.011691
0.005154
0.000000
0.008768
0.000000
0.000000
0.005516
0.000000
0.000000
0.000000
0.000000
0.007439
0.000000
0.009882
0.000000
0.000000
0.000000
0.008436
0.000515
0.000000
0.000000
0.000231
0.000000
0.000000
0.000000
0.006679
0.005366
0.000000
0.000000
0.000000
0.000000
0.000000
0.000567
0.008945
0.000000
0.000000
0.000000
0.000000
0.000000
0.000000
0.000000
0.000525
0.000000
0.000000
0.000055
0.000000
0.000000
0.002789
0.000000
0.000000
0.000000
0.000000
0.000000
0.000000

objFunc:0.003340
x values:
0.103029
0.114849
0.066039
0.072846
0.036159
0.054241
0.098262
0.029801
0.019509
0.017081
0.026859
0.011992
0.015174
0.000000
0.000000
0.020040
0.005748
0.000000
0.000000
0.017635
0.013127
0.000000
0.008280
0.009695
0.019531
0.013571
0.008585
0.019867
0.020881
0.010347
0.011222
0.009771
0.010798
0.009310
0.000000
0.008643
0.000000
0.000000
0.009096
0.006695
0.009795
0.011521
0.000000
0.009857
0.000000
0.011624
0.005524
0.000000
0.008837
0.008003
0.000000
0.005488
0.000000
0.000000
0.000000
0.000000
0.007246
0.000000
0.008664
0.000000
0.000000
0.000000
0.000433
0.001283
0.000000
0.000000
0.000000
0.000018
0.000000
0.000000
0.001019
0.005397
0.000000
0.000000
0.000000
0.000000
0.000000
0.000000
0.005668
0.000000
0.000000
0.000000
0.000000
0.000000
0.000000
0.000000
0.000278
0.000000
0.000000
0.000000
0.000000
0.000000
0.000663
0.000000
0.000000
0.000000
0.000000
0.000000
0.000000

objFunc:0.002221
x values:
0.102147
0.114030
0.065532
0.072054
0.035535
0.054161
0.098410
0.038086
0.000000
0.016276
0.027166
0.012588
0.015663
0.000000
0.000000
0.020272
0.005394
0.000000
0.011894
0.018689
0.011463
0.000000
0.008063
0.009047
0.020155
0.013270
0.007832
0.020609
0.025253
0.010573
0.010380
0.009562
0.010458
0.009919
0.000000
0.008282
0.000000
0.000000
0.008928
0.006050
0.009312
0.010912
0.000000
0.000000
0.000000
0.011657
0.005528
0.000000
0.008862
0.000000
0.000000
0.005190
0.000000
0.000000
0.000000
0.000000
0.006910
0.000000
0.008194
0.000000
0.000000
0.000000
0.008119
0.005413
0.000000
0.000000
0.000432
0.000487
0.000000
0.000000
0.005151
0.004995
0.000000
0.000000
0.000000
0.000000
0.000000
0.000000
0.009348
0.000000
0.000000
0.000000
0.000000
0.000000
0.000000
0.000000
0.000763
0.000000
0.000000
0.000042
0.000000
0.000000
0.000946
0.000000
0.000000
0.000000
0.000000
0.000000
0.000000

objFunc:0.002469
x values:
0.102366
0.114007
0.065505
0.073230
0.036411
0.054092
0.098231
0.034937
0.021778
0.017775
0.027061
0.012859
0.015430
0.000000
0.000000
0.019791
0.005668
0.000000
0.000000
0.016872
0.011663
0.000000
0.008389
0.009503
0.021139
0.013394
0.008448
0.020678
0.021948
0.011479
0.010522
0.009734
0.010758
0.008897
0.000000
0.008313
0.000000
0.000000
0.008961
0.006494
0.010104
0.011015
0.000000
0.000000
0.000000
0.011858
0.005659
0.000000
0.008659
0.007961
0.000000
0.005325
0.000000
0.000000
0.000000
0.000000
0.006877
0.000000
0.008275
0.000000
0.000000
0.000000
0.002533
0.001000
0.000000
0.000000
0.000000
0.000880
0.000000
0.000000
0.000668
0.002105
0.000000
0.000000
0.000000
0.000000
0.000000
0.000396
0.009150
0.000000
0.000000
0.000000
0.000000
0.000000
0.000000
0.000000
0.000426
0.000000
0.000000
0.000000
0.000000
0.000000
0.000778
0.000000
0.000000
0.000000
0.000000
0.000000
0.000000

objFunc:0.001979
x values:
0.102154
0.113772
0.065623
0.074183
0.036100
0.053404
0.097992
0.029254
0.000000
0.018175
0.027365
0.012870
0.014734
0.030395
0.000000
0.018788
0.005945
0.000000
0.011493
0.016222
0.011389
0.000000
0.008001
0.009796
0.019272
0.012805
0.008057
0.021374
0.020587
0.000000
0.010483
0.009179
0.010007
0.008844
0.000000
0.008693
0.005452
0.000000
0.008821
0.006306
0.010318
0.010889
0.000000
0.000000
0.000000
0.012308
0.000000
0.000000
0.009251
0.006956
0.000000
0.005060
0.000000
0.000000
0.000000
0.000000
0.006571
0.000000
0.008011
0.000000
0.000000
0.000000
0.000443
0.001596
0.000000
0.000000
0.000096
0.001529
0.000000
0.000000
0.000000
0.005288
0.000000
0.000000
0.000000
0.000000
0.000000
0.010516
0.002489
0.000000
0.000000
0.000000
0.000000
0.000000
0.000000
0.000000
0.000228
0.000000
0.000000
0.000000
0.000000
0.000000
0.000915
0.000000
0.000000
0.000000
0.000000
0.000000
0.000000

objFunc:0.001817
x values:
0.102134
0.113159
0.065622
0.074767
0.037038
0.054553
0.098267
0.029419
0.000000
0.018812
0.026085
0.000000
0.014646
0.025988
0.000000
0.019535
0.000000
0.000000
0.000000
0.014269
0.010884
0.000000
0.008326
0.010623
0.018925
0.012886
0.008195
0.021847
0.020963
0.014391
0.010732
0.008908
0.010563
0.008442
0.000000
0.008306
0.005861
0.000000
0.009296
0.005982
0.010305
0.010721
0.000000
0.000000
0.000000
0.011458
0.005884
0.000000
0.009336
0.007523
0.000000
0.005334
0.000000
0.000000
0.000000
0.000000
0.006972
0.000000
0.007959
0.000000
0.000000
0.000000
0.008632
0.001528
0.000000
0.000000
0.000158
0.000855
0.000000
0.000000
0.000383
0.005261
0.000000
0.000000
0.000000
0.000000
0.000000
0.010468
0.006875
0.000000
0.000000
0.000000
0.000000
0.000000
0.000000
0.000000
0.000042
0.000000
0.000000
0.000000
0.000000
0.000000
0.000882
0.000000
0.000000
0.000000
0.000000
0.000000
0.000000

objFunc:0.001519
x values:
0.102089
0.112638
0.065881
0.080173
0.036432
0.054222
0.097578
0.028029
0.000000
0.024127
0.025776
0.000000
0.013949
0.026777
0.000000
0.019554
0.005994
0.010639
0.000000
0.013455
0.010516
0.000000
0.007585
0.010180
0.017976
0.012716
0.008178
0.019419
0.019337
0.000000
0.010432
0.008650
0.010123
0.007963
0.000000
0.008049
0.005306
0.000000
0.008835
0.005905
0.011135
0.010102
0.000000
0.000000
0.000000
0.010698
0.005897
0.000000
0.008847
0.006735
0.000000
0.005255
0.000000
0.000000
0.000000
0.000000
0.006980
0.000000
0.007190
0.000000
0.000000
0.000000
0.008111
0.003538
0.000000
0.000000
0.000000
0.001621
0.000000
0.000000
0.000500
0.005102
0.000000
0.000000
0.000000
0.000000
0.000000
0.010244
0.008600
0.000000
0.000000
0.000000
0.000000
0.000000
0.000000
0.000000
0.000134
0.000000
0.000000
0.000000
0.000000
0.000000
0.000827
0.000000
0.000000
0.000000
0.000000
0.000000
0.000000

objFunc:0.001610
x values:
0.102305
0.112460
0.066260
0.080367
0.035796
0.053632
0.097862
0.027465
0.000000
0.024312
0.025920
0.000000
0.014094
0.000000
0.000000
0.019211
0.006187
0.009653
0.000000
0.013419
0.010591
0.000000
0.007569
0.011006
0.017680
0.012689
0.008586
0.021734
0.019043
0.013733
0.011122
0.008605
0.010468
0.008923
0.000000
0.008075
0.005479
0.000000
0.009245
0.006093
0.011176
0.010293
0.000000
0.000000
0.000000
0.010654
0.000000
0.000000
0.010641
0.007620
0.000000
0.005189
0.000000
0.000000
0.000000
0.000000
0.007471
0.000000
0.007336
0.000000
0.000000
0.000000
0.008459
0.005234
0.000000
0.000000
0.000000
0.006477
0.000000
0.000000
0.008021
0.005123
0.000000
0.000000
0.000000
0.000000
0.000000
0.007146
0.008583
0.000000
0.000000
0.000000
0.000000
0.000000
0.000000
0.000000
0.000213
0.000000
0.000000
0.000062
0.000000
0.000000
0.000718
0.000000
0.000000
0.000000
0.000000
0.000000
0.000000

objFunc:0.001423
x values:
0.102923
0.111759
0.065797
0.085298
0.035951
0.052493
0.097516
0.026707
0.022185
0.000000
0.025113
0.000000
0.014082
0.027169
0.000000
0.019051
0.006148
0.008726
0.000000
0.013321
0.010175
0.000000
0.007892
0.010204
0.017330
0.012612
0.008346
0.000000
0.017479
0.011901
0.012131
0.008311
0.010945
0.007905
0.000000
0.007778
0.005342
0.000000
0.009817
0.005862
0.000000
0.010534
0.000000
0.000000
0.000000
0.011518
0.000000
0.000000
0.010223
0.007978
0.000000
0.005459
0.000000
0.000000
0.000000
0.000000
0.008089
0.000000
0.007513
0.000000
0.000000
0.000000
0.007682
0.004849
0.000000
0.000000
0.006883
0.006178
0.000000
0.000000
0.000000
0.005330
0.000000
0.000000
0.000000
0.000000
0.000000
0.010172
0.008088
0.000000
0.000000
0.000000
0.000000
0.005154
0.000000
0.000000
0.000502
0.000000
0.000000
0.002794
0.000000
0.000000
0.002786
0.000000
0.000000
0.000000
0.000000
0.000000
0.000000

objFunc:0.001313
x values:
0.103814
0.112002
0.066861
0.079193
0.036005
0.052649
0.097465
0.027167
0.000000
0.018854
0.025793
0.000000
0.014222
0.027088
0.000000
0.019301
0.006088
0.008602
0.000000
0.013768
0.010593
0.000000
0.007798
0.011595
0.017191
0.012924
0.009340
0.027704
0.017558
0.014177
0.012310
0.008206
0.010866
0.009427
0.008953
0.007759
0.005751
0.000000
0.010430
0.006682
0.000000
0.010312
0.000000
0.000000
0.000000
0.013082
0.000000
0.000000
0.000000
0.000000
0.000000
0.005235
0.000000
0.000000
0.000000
0.000000
0.007491
0.000000
0.007369
0.000000
0.000000
0.000000
0.007811
0.004613
0.000000
0.000000
0.000000
0.006333
0.004915
0.000000
0.000000
0.001808
0.000000
0.000000
0.000000
0.000000
0.000000
0.001425
0.008037
0.000000
0.000000
0.000000
0.000000
0.000160
0.000000
0.000000
0.000000
0.000000
0.000000
0.000000
0.000000
0.000000
0.000536
0.000000
0.000000
0.000000
0.000000
0.002737
0.000000

objFunc:0.001158
x values:
0.104145
0.111479
0.066254
0.081025
0.034953
0.052452
0.097205
0.026753
0.022971
0.016491
0.025838
0.000000
0.014093
0.023260
0.000000
0.019259
0.005791
0.007531
0.000000
0.014842
0.011969
0.000000
0.000000
0.000000
0.016717
0.013466
0.009563
0.024182
0.017258
0.000000
0.014069
0.007967
0.010830
0.009431
0.008665
0.007611
0.005256
0.000000
0.010333
0.006045
0.000000
0.010507
0.000000
0.000000
0.000000
0.000000
0.000000
0.000000
0.000000
0.007541
0.008354
0.004824
0.000000
0.000000
0.000000
0.000000
0.007113
0.000000
0.007159
0.000000
0.000000
0.000000
0.007875
0.004283
0.000000
0.000000
0.000000
0.006270
0.004805
0.000000
0.000000
0.006373
0.000000
0.000000
0.000000
0.000000
0.000000
0.010549
0.009604
0.000000
0.000000
0.000000
0.000000
0.003596
0.000000
0.000000
0.000540
0.000000
0.000000
0.000000
0.000000
0.000000
0.000323
0.000000
0.000214
0.000000
0.000000
0.002368
0.000000

objFunc:0.000982
x values:
0.104472
0.111343
0.066073
0.075491
0.035350
0.052492
0.097253
0.026202
0.020064
0.015569
0.026494
0.000000
0.014042
0.025017
0.000000
0.019256
0.005976
0.007651
0.000000
0.013681
0.011308
0.000000
0.000000
0.000000
0.016506
0.013160
0.000000
0.020716
0.018262
0.000000
0.012609
0.007777
0.010948
0.000000
0.008025
0.007555
0.000000
0.000000
0.012292
0.006006
0.000000
0.010390
0.000000
0.000000
0.007962
0.000000
0.000000
0.000000
0.000000
0.007725
0.000000
0.004808
0.000000
0.000000
0.000000
0.000000
0.007187
0.017621
0.006902
0.000000
0.000000
0.000000
0.007504
0.004109
0.000000
0.000000
0.000000
0.006815
0.004390
0.004477
0.000000
0.006218
0.000000
0.000000
0.000000
0.000000
0.000000
0.010161
0.010367
0.000000
0.002858
0.000000
0.000000
0.004435
0.000000
0.000000
0.005473
0.000000
0.000000
0.000000
0.000000
0.000000
0.002372
0.000000
0.004491
0.000000
0.000000
0.002149
0.000000

objFunc:0.000978
x values:
0.104169
0.111371
0.066680
0.073810
0.038745
0.053194
0.097530
0.025831
0.017757
0.015446
0.024944
0.000000
0.014102
0.024085
0.000000
0.021417
0.000000
0.008123
0.000000
0.012561
0.010952
0.000000
0.000000
0.011862
0.016650
0.014123
0.000000
0.019652
0.018032
0.000000
0.013540
0.007834
0.003406
0.002006
0.008419
0.007444
0.000000
0.000000
0.000000
0.007154
0.000000
0.011650
0.084355
0.000527
0.001695
0.000000
0.000000
0.000000
0.000000
0.000000
0.007658
0.002871
0.000000
0.000000
0.000000
0.000000
0.000000
0.000000
0.007772
0.000000
0.000000
0.004021
0.002152
0.004277
0.000000
0.000000
0.000000
0.000000
0.004403
0.000659
0.000000
0.000000
0.000000
0.000239
0.000000
0.000289
0.000000
0.009813
0.001498
0.000000
0.000413
0.000000
0.000000
0.000977
0.000000
0.000000
0.000000
0.000000
0.000000
0.000000
0.000000
0.000000
0.003079
0.000000
0.000256
0.000000
0.000000
0.000559
0.000000

objFunc:0.000933
x values:
0.102516
0.111793
0.066950
0.080858
0.035971
0.053249
0.098338
0.028261
0.016359
0.017725
0.025206
0.000000
0.014798
0.024101
0.000000
0.024737
0.005201
0.008434
0.000000
0.013745
0.010267
0.000000
0.000000
0.012166
0.017096
0.014152
0.008209
0.018257
0.019114
0.012082
0.013989
0.008142
0.012715
0.008832
0.007612
0.007388
0.000000
0.000000
0.000000
0.000000
0.011053
0.012382
0.000000
0.008926
0.000000
0.000000
0.000000
0.000000
0.000000
0.000000
0.008317
0.005148
0.000000
0.000000
0.000000
0.000000
0.000000
0.000000
0.009059
0.000000
0.000000
0.000000
0.006980
0.004502
0.000000
0.000000
0.000000
0.000000
0.001603
0.000432
0.000000
0.005729
0.000000
0.004407
0.000000
0.000000
0.000000
0.009312
0.008396
0.000000
0.000348
0.000000
0.000000
0.000000
0.000000
0.000000
0.003968
0.000000
0.000000
0.000000
0.000000
0.000000
0.000297
0.000000
0.000484
0.000000
0.000000
0.000397
0.000000

objFunc:0.001026
x values:
0.102549
0.112172
0.066599
0.105589
0.035780
0.052532
0.097734
0.027337
0.014832
0.000000
0.024957
0.000000
0.014382
0.025695
0.000000
0.021691
0.005436
0.007686
0.000000
0.015401
0.010246
0.000000
0.000000
0.010173
0.016902
0.013367
0.008091
0.018654
0.017789
0.013934
0.014948
0.008116
0.010664
0.009121
0.008568
0.007855
0.000000
0.000000
0.000000
0.006069
0.010664
0.011100
0.000000
0.008673
0.000000
0.000000
0.000000
0.000000
0.000000
0.000000
0.007635
0.005157
0.000000
0.000000
0.000000
0.000000
0.004588
0.000000
0.008410
0.000000
0.000000
0.000000
0.006723
0.004430
0.000000
0.000000
0.000547
0.000000
0.001300
0.000498
0.000000
0.001743
0.000000
0.004429
0.000000
0.000000
0.000000
0.009598
0.007941
0.000000
0.000000
0.000000
0.000000
0.000000
0.000000
0.000000
0.000925
0.000000
0.000000
0.000000
0.000000
0.000000
0.000000
0.000000
0.000439
0.000000
0.000000
0.000327
0.000000

objFunc:0.000812
x values:
0.103252
0.112056
0.068068
0.073614
0.056295
0.052156
0.098053
0.027856
0.015475
0.018958
0.024850
0.000000
0.014667
0.028947
0.000000
0.000000
0.005820
0.007874
0.008942
0.000000
0.009954
0.000000
0.000000
0.010164
0.016696
0.013470
0.009953
0.017054
0.017215
0.000000
0.000000
0.007980
0.012769
0.000000
0.007021
0.007784
0.000000
0.000000
0.000000
0.006759
0.011063
0.012528
0.000000
0.009814
0.000000
0.000000
0.005755
0.006713
0.009762
0.000000
0.007775
0.005680
0.000000
0.000000
0.000000
0.000000
0.000000
0.000000
0.008399
0.000000
0.006767
0.000000
0.006474
0.004258
0.000000
0.000000
0.000000
0.000000
0.004622
0.003764
0.000000
0.007132
0.000000
0.004361
0.000000
0.000000
0.000000
0.008766
0.008050
0.000000
0.002595
0.000000
0.000000
0.000000
0.000000
0.000000
0.005485
0.000000
0.000000
0.000000
0.000000
0.000000
0.000000
0.000000
0.004286
0.000000
0.000000
0.002250
0.000000
