Outputs 30 runs
objFunc:0.000735

x values:
0.310140
0.108263
0.061179
0.067876
0.030594
0.046998
0.084086
0.021007
0.008727
0.011246
0.020164
0.004582
0.009310
0.013369
0.000195
0.014778
0.002194
0.003775
0.003492
0.004479
0.006562
0.000000
0.001413
0.005219
0.000000
0.009967
0.003874
0.013284
0.010739
0.007268
0.006299
0.000000
0.006392
0.003853
0.002174
0.005505
0.000663
0.000000
0.004903
0.002025
0.004939
0.006209
0.001210
0.004536
0.000000
0.004977
0.002126
0.001426
0.004631
0.001619
0.000000
0.002532
0.000000
0.000000
0.000438
0.000222
0.004251
0.001971
0.002722
0.000000
0.001679
0.000475
0.002088
0.000055
0.000000
0.000215
0.002320
0.002895
0.001808
0.000000
0.003160
0.003103
0.000000
0.000290
0.000000
0.000000
0.001027
0.004773
0.003973
0.000613
0.000723
0.001134
0.000000
0.000000
0.000000
0.000000
0.002125
0.000000
0.000000
0.001649
0.000869
0.000000
0.001578
0.001416
0.000987
0.000000
0.000000
0.000000
0.000642

objFunc:0.000825
x values:
0.100475
0.111307
0.064489
0.070318
0.033706
0.055415
0.102012
0.026533
0.016066
0.013642
0.025938
0.008241
0.014579
0.021927
0.004499
0.017674
0.004099
0.006957
0.009041
0.018855
0.009662
0.000000
0.007203
0.007972
0.000000
0.011865
0.006374
0.017213
0.018031
0.008397
0.009066
0.000000
0.008930
0.006876
0.009155
0.007410
0.005116
0.009074
0.007848
0.004978
0.007918
0.010537
0.005392
0.006726
0.000000
0.008855
0.004003
0.006580
0.004426
0.002108
0.000000
0.003883
0.000000
0.000000
0.000108
0.000391
0.005475
0.005229
0.002192
0.000000
0.001171
0.000509
0.001359
0.001609
0.000000
0.002483
0.002258
0.004506
0.001902
0.000000
0.003088
0.003143
0.000000
0.000000
0.000000
0.000000
0.000485
0.003921
0.003929
0.000496
0.000700
0.001298
0.000000
0.000000
0.000000
0.000000
0.002092
0.000000
0.000000
0.001553
0.000928
0.000000
0.002032
0.001582
0.000783
0.000000
0.000000
0.000000
0.003407

objFunc:0.000646
x values:
0.100404
0.111186
0.064189
0.070114
0.033720
0.055013
0.101300
0.027504
0.015414
0.013501
0.024898
0.008696
0.014389
0.023259
0.004532
0.017527
0.003943
0.007094
0.008154
0.019891
0.009770
0.000000
0.006845
0.007613
0.025610
0.011789
0.006187
0.016641
0.018062
0.008311
0.008660
0.000000
0.008862
0.006838
0.007664
0.007178
0.004892
0.000000
0.007795
0.004535
0.007933
0.010026
0.001101
0.004369
0.000000
0.004692
0.002222
0.003074
0.004634
0.002618
0.000000
0.003746
0.000000
0.000000
0.000000
0.000561
0.005347
0.001791
0.007996
0.000000
0.001430
0.000606
0.002051
0.001890
0.000000
0.000599
0.002489
0.004318
0.002009
0.000000
0.003307
0.003252
0.000000
0.000000
0.000000
0.000000
0.005548
0.003802
0.004160
0.000416
0.000967
0.001265
0.000000
0.000000
0.000000
0.000000
0.002268
0.000000
0.000000
0.001670
0.001012
0.000000
0.001619
0.001819
0.000827
0.000000
0.000000
0.000000
0.000584

objFunc:0.000659
x values:
0.100494
0.110895
0.064629
0.070553
0.034097
0.053195
0.099138
0.026815
0.020976
0.013840
0.025001
0.008866
0.013828
0.030775
0.004132
0.017404
0.004199
0.007120
0.008165
0.014123
0.011095
0.000000
0.006700
0.007754
0.021519
0.011715
0.006403
0.016786
0.018007
0.008373
0.008722
0.011164
0.008668
0.007152
0.007905
0.007269
0.004348
0.000000
0.007908
0.004579
0.004368
0.009786
0.001079
0.004267
0.000000
0.004520
0.002070
0.002756
0.004289
0.002613
0.000322
0.003843
0.000000
0.000000
0.000000
0.002461
0.005395
0.001768
0.003220
0.000000
0.001286
0.000201
0.001780
0.002135
0.000000
0.000638
0.002354
0.002998
0.001743
0.000000
0.002964
0.004202
0.000000
0.000000
0.000000
0.000000
0.000000
0.003534
0.003787
0.004489
0.000777
0.001330
0.000000
0.000000
0.000000
0.000000
0.002493
0.000000
0.000000
0.001568
0.000750
0.000000
0.001591
0.001510
0.000799
0.000000
0.000000
0.000000
0.000000

objFunc:0.000887
x values:
0.100730
0.111160
0.064538
0.070647
0.034284
0.053054
0.099569
0.027205
0.015624
0.013959
0.025641
0.008799
0.014382
0.030324
0.000000
0.017511
0.004376
0.007107
0.008522
0.015801
0.010576
0.000000
0.006078
0.008371
0.021781
0.011866
0.006714
0.017380
0.017611
0.008571
0.009066
0.010504
0.008926
0.008948
0.008416
0.007447
0.004814
0.000000
0.008188
0.005101
0.008135
0.010143
0.005222
0.007144
0.000000
0.003807
0.001776
0.002613
0.003976
0.002298
0.001294
0.004052
0.000000
0.000000
0.000235
0.000378
0.005565
0.001457
0.002860
0.000000
0.000244
0.000295
0.001573
0.001661
0.000000
0.000419
0.002053
0.002730
0.001668
0.000000
0.002864
0.004349
0.000000
0.000494
0.000000
0.000000
0.000000
0.003926
0.003669
0.000506
0.000639
0.000888
0.000000
0.000000
0.000000
0.000000
0.001773
0.000000
0.000000
0.001524
0.000556
0.000000
0.001524
0.001307
0.000795
0.000000
0.000000
0.000000
0.000000

objFunc:0.001072
x values:
0.100812
0.111426
0.064823
0.070549
0.034296
0.053682
0.099715
0.026941
0.016689
0.013900
0.025717
0.009180
0.014310
0.025650
0.000000
0.017585
0.004348
0.007135
0.008969
0.018835
0.010742
0.000000
0.006262
0.008680
0.020675
0.011949
0.006752
0.017379
0.018179
0.008786
0.009436
0.010296
0.009097
0.008511
0.009051
0.007450
0.004487
0.010265
0.008191
0.005030
0.008308
0.010173
0.001214
0.003806
0.000000
0.003691
0.001705
0.002527
0.004150
0.002146
0.001378
0.002265
0.000000
0.000000
0.000053
0.000176
0.005638
0.001268
0.002945
0.000000
0.000000
0.000389
0.001813
0.001763
0.000000
0.000264
0.002036
0.002590
0.001765
0.000000
0.002833
0.002973
0.000000
0.000204
0.000000
0.000000
0.000000
0.004086
0.003435
0.000694
0.000575
0.000892
0.000000
0.000000
0.000000
0.000000
0.001577
0.000000
0.000000
0.001062
0.000483
0.000000
0.001493
0.001059
0.000790
0.000000
0.000000
0.000000
0.000000

objFunc:0.000845
x values:
0.100687
0.111045
0.064335
0.070329
0.034372
0.052613
0.098943
0.025982
0.014864
0.013732
0.024679
0.008583
0.013694
0.000000
0.000000
0.017490
0.004228
0.006817
0.008693
0.017021
0.010344
0.000000
0.006096
0.007990
0.021192
0.011811
0.006365
0.017163
0.017765
0.008534
0.009095
0.009184
0.008948
0.007796
0.007855
0.007210
0.004507
0.000000
0.008024
0.004796
0.008042
0.010068
0.004949
0.006725
0.000000
0.009426
0.003982
0.007914
0.007122
0.005811
0.006522
0.004111
0.000000
0.000000
0.003428
0.000365
0.005567
0.001551
0.003022
0.000000
0.000945
0.000721
0.002566
0.001971
0.000000
0.000489
0.002239
0.004977
0.001919
0.000000
0.002977
0.004304
0.000296
0.000797
0.000000
0.000000
0.000000
0.004969
0.003907
0.000965
0.002392
0.001252
0.000000
0.000000
0.000000
0.000000
0.001753
0.000000
0.000000
0.001313
0.000459
0.000000
0.001541
0.004655
0.001207
0.000000
0.000000
0.000000
0.000000

objFunc:0.000976
x values:
0.100909
0.111441
0.064620
0.070449
0.034313
0.052959
0.098625
0.026276
0.015716
0.013858
0.024579
0.008546
0.013790
0.000000
0.000000
0.017510
0.004430
0.006904
0.008790
0.016755
0.010827
0.008519
0.006165
0.008571
0.021369
0.012044
0.006591
0.017346
0.018933
0.008698
0.009354
0.009144
0.008981
0.008223
0.008738
0.007294
0.004410
0.000000
0.008021
0.004931
0.008412
0.010168
0.005070
0.006896
0.000000
0.010514
0.004155
0.008046
0.007402
0.005839
0.006826
0.002163
0.000000
0.000000
0.000282
0.000189
0.005646
0.001082
0.003125
0.000000
0.000000
0.000656
0.002354
0.001384
0.000000
0.000491
0.002019
0.002535
0.001863
0.000000
0.002651
0.004354
0.000000
0.000285
0.000000
0.000000
0.000000
0.004207
0.003585
0.000811
0.000660
0.001061
0.000000
0.000000
0.000000
0.000000
0.001606
0.000000
0.000000
0.001221
0.000277
0.000000
0.001499
0.000943
0.001097
0.000000
0.000000
0.000000
0.000000

objFunc:0.000950
x values:
0.100927
0.111518
0.064469
0.070170
0.034097
0.053127
0.099426
0.026861
0.014595
0.013697
0.025586
0.008609
0.013889
0.032416
0.000000
0.018102
0.004334
0.007576
0.009029
0.015243
0.010831
0.008566
0.006770
0.008632
0.023441
0.012172
0.006457
0.017514
0.018547
0.008532
0.009260
0.009272
0.009169
0.007733
0.008934
0.007254
0.004691
0.010290
0.008076
0.004939
0.004256
0.008210
0.000637
0.003903
0.000000
0.003283
0.001998
0.000000
0.004220
0.001297
0.001073
0.002069
0.000000
0.000000
0.000000
0.000095
0.005768
0.001313
0.002769
0.000000
0.000132
0.000617
0.002284
0.000409
0.000000
0.000277
0.002097
0.002246
0.001862
0.000000
0.003028
0.004326
0.000000
0.000000
0.000000
0.000000
0.000000
0.004435
0.003472
0.000381
0.000718
0.001074
0.000220
0.000000
0.000000
0.000000
0.001739
0.000000
0.000000
0.001273
0.000365
0.000000
0.001466
0.001135
0.000800
0.000000
0.000000
0.000000
0.000000

objFunc:0.000992
x values:
0.100938
0.112109
0.064434
0.070266
0.034301
0.053275
0.099803
0.026620
0.014204
0.013629
0.025972
0.009602
0.013765
0.029464
0.000000
0.018179
0.004350
0.008475
0.008753
0.016206
0.010546
0.007643
0.006768
0.008146
0.024251
0.012144
0.006468
0.018242
0.017480
0.008823
0.009159
0.009224
0.009188
0.007908
0.000000
0.007396
0.005872
0.000000
0.008141
0.005017
0.008545
0.010510
0.005795
0.007569
0.000000
0.003646
0.003915
0.000000
0.004257
0.001410
0.000000
0.001967
0.000000
0.000000
0.000000
0.000046
0.005848
0.001089
0.002303
0.000049
0.000000
0.000605
0.002072
0.000704
0.000000
0.002670
0.002048
0.002255
0.001811
0.000000
0.003617
0.003028
0.000153
0.000055
0.000000
0.000000
0.000000
0.004461
0.003689
0.000137
0.000742
0.000896
0.000344
0.000000
0.000000
0.000000
0.001742
0.000000
0.000000
0.001272
0.000396
0.000000
0.001448
0.001222
0.000632
0.000000
0.000000
0.000000
0.000287

objFunc:0.000984
x values:
0.100946
0.111951
0.064451
0.070258
0.034343
0.052937
0.099120
0.026884
0.014052
0.013805
0.025376
0.009259
0.013770
0.000000
0.000000
0.018257
0.004249
0.008835
0.008555
0.016052
0.010139
0.007077
0.006643
0.008089
0.024828
0.012028
0.006398
0.018514
0.017252
0.008732
0.009118
0.009801
0.009145
0.007471
0.000000
0.007357
0.005687
0.000000
0.008121
0.004884
0.008124
0.010558
0.005352
0.008055
0.000000
0.009762
0.003867
0.000000
0.007273
0.007272
0.007943
0.004247
0.000000
0.000000
0.000038
0.000029
0.005766
0.001121
0.003264
0.000245
0.000000
0.000597
0.002132
0.000779
0.000000
0.000313
0.004850
0.002222
0.001648
0.000000
0.005209
0.004342
0.000254
0.000199
0.000000
0.000000
0.000000
0.004250
0.003686
0.000000
0.000690
0.000639
0.000477
0.000000
0.000000
0.000000
0.001841
0.000000
0.000000
0.001199
0.000411
0.000000
0.001462
0.004691
0.000524
0.000000
0.000000
0.000000
0.000288

objFunc:0.000843
x values:
0.100845
0.111654
0.064196
0.070131
0.034205
0.052542
0.097753
0.026198
0.014000
0.013807
0.024649
0.009789
0.013820
0.000000
0.000000
0.018136
0.004076
0.010470
0.008247
0.017579
0.009588
0.006953
0.006200
0.007991
0.000000
0.011969
0.006151
0.017991
0.016688
0.008573
0.009036
0.013493
0.008868
0.006876
0.000000
0.007194
0.005597
0.008828
0.008297
0.004688
0.007961
0.011290
0.005162
0.008363
0.000000
0.009470
0.003772
0.000000
0.007001
0.006899
0.007351
0.004285
0.000000
0.000000
0.003579
0.002475
0.005804
0.006259
0.000000
0.000398
0.000342
0.003312
0.002574
0.001105
0.000000
0.000512
0.003011
0.001783
0.004630
0.000000
0.003080
0.004265
0.000629
0.000649
0.000000
0.000000
0.000000
0.004742
0.004167
0.000000
0.000775
0.001259
0.005109
0.000000
0.000000
0.000000
0.002057
0.000000
0.000000
0.001287
0.000664
0.000000
0.001481
0.001148
0.003941
0.000000
0.000000
0.000000
0.000333

objFunc:0.000711
x values:
0.100791
0.111762
0.063865
0.070006
0.033832
0.052832
0.097525
0.026329
0.013691
0.013455
0.024263
0.009392
0.013739
0.000000
0.000000
0.017840
0.003917
0.000000
0.008244
0.000000
0.009398
0.006852
0.006594
0.007812
0.023793
0.011787
0.006035
0.017102
0.016828
0.008453
0.008895
0.011877
0.008758
0.006625
0.000000
0.007109
0.005460
0.007944
0.007988
0.004601
0.007824
0.010510
0.005137
0.008067
0.000000
0.009250
0.003704
0.000000
0.006844
0.006313
0.006543
0.004033
0.000000
0.000000
0.003368
0.002350
0.005655
0.000000
0.009085
0.006478
0.000316
0.000929
0.006073
0.002536
0.000000
0.000566
0.002377
0.005512
0.002157
0.000000
0.004933
0.004162
0.000793
0.000827
0.000000
0.000000
0.000000
0.004379
0.004241
0.000273
0.000887
0.001366
0.005249
0.000000
0.000000
0.000000
0.002174
0.000000
0.000000
0.001530
0.000866
0.000000
0.001522
0.001445
0.003896
0.000000
0.000000
0.000000
0.000438

objFunc:0.000710
x values:
0.100856
0.112070
0.064014
0.070334
0.033697
0.052865
0.097475
0.027607
0.014773
0.013767
0.024625
0.011287
0.013465
0.028426
0.004032
0.017722
0.003992
0.000000
0.008099
0.000000
0.009600
0.007147
0.006932
0.008020
0.018684
0.011797
0.006136
0.017236
0.017816
0.008477
0.008977
0.008562
0.008999
0.006762
0.000000
0.007128
0.005903
0.000000
0.007787
0.004644
0.007904
0.009883
0.005065
0.007996
0.000000
0.009118
0.003747
0.000000
0.006812
0.005915
0.007368
0.002489
0.000000
0.000000
0.000331
0.000420
0.005716
0.000394
0.003313
0.001549
0.000000
0.000824
0.002662
0.002303
0.000000
0.000555
0.004799
0.001897
0.002061
0.000000
0.003097
0.004194
0.000812
0.001292
0.000000
0.000000
0.000000
0.003212
0.004131
0.000171
0.002301
0.001064
0.000000
0.000000
0.000000
0.000000
0.002064
0.000000
0.000000
0.001469
0.003171
0.000000
0.001474
0.004312
0.000795
0.000000
0.000000
0.000000
0.003607

objFunc:0.001109
x values:
0.101091
0.112612
0.064119
0.070588
0.034163
0.052492
0.097336
0.026960
0.014873
0.014161
0.024681
0.009222
0.013571
0.027676
0.004535
0.018155
0.004230
0.009123
0.008889
0.015214
0.009801
0.006892
0.006405
0.008191
0.018099
0.012171
0.006435
0.017487
0.018142
0.009001
0.009201
0.008631
0.009222
0.007018
0.000000
0.007303
0.005909
0.000000
0.008036
0.005018
0.008103
0.010132
0.005609
0.007572
0.000000
0.009088
0.004028
0.000000
0.007210
0.002123
0.000477
0.002161
0.000000
0.000000
0.000089
0.000245
0.003689
0.000154
0.003028
0.000000
0.000075
0.000265
0.004524
0.002046
0.000000
0.000351
0.001922
0.001039
0.001606
0.000000
0.002774
0.004482
0.000600
0.000984
0.000000
0.000000
0.000000
0.003707
0.007204
0.000569
0.000405
0.000000
0.000000
0.000000
0.000000
0.000000
0.001802
0.000000
0.000000
0.001270
0.000688
0.000000
0.001338
0.001211
0.000777
0.000000
0.000000
0.000000
0.000000

objFunc:0.001698
x values:
0.101454
0.112357
0.064381
0.070956
0.034283
0.052231
0.097062
0.026791
0.015633
0.014802
0.024832
0.009267
0.013681
0.027523
0.004265
0.018220
0.004469
0.008682
0.009082
0.013990
0.010609
0.007276
0.006306
0.008086
0.017584
0.012304
0.006883
0.017503
0.017594
0.009094
0.009418
0.008494
0.009284
0.007324
0.000000
0.007585
0.004970
0.000000
0.007982
0.005176
0.008163
0.009861
0.005289
0.007743
0.000000
0.009209
0.004283
0.000000
0.007338
0.006066
0.000728
0.002105
0.000000
0.000000
0.000016
0.000187
0.006093
0.000811
0.003502
0.000499
0.000339
0.000181
0.002432
0.002345
0.000000
0.002174
0.001699
0.001859
0.001141
0.000000
0.002525
0.002798
0.000000
0.000829
0.000000
0.000000
0.000000
0.002783
0.003903
0.000453
0.000000
0.000000
0.000000
0.000318
0.000000
0.000000
0.001600
0.000000
0.000000
0.000792
0.000141
0.000000
0.001225
0.000694
0.000448
0.000000
0.000000
0.000000
0.000000

objFunc:0.001038
x values:
0.100910
0.111766
0.064005
0.070428
0.033835
0.052026
0.097031
0.030412
0.021759
0.014235
0.024807
0.009318
0.013785
0.000000
0.004296
0.018176
0.004197
0.000000
0.008766
0.014178
0.009621
0.006884
0.006040
0.007649
0.017712
0.012057
0.006389
0.017652
0.019362
0.009095
0.008873
0.008290
0.008998
0.007442
0.000000
0.007327
0.004699
0.000000
0.007810
0.004747
0.007800
0.009438
0.005468
0.009293
0.000000
0.009022
0.004181
0.000000
0.007224
0.005960
0.007595
0.004154
0.000000
0.000000
0.003647
0.002370
0.005840
0.000000
0.006622
0.002908
0.000000
0.000434
0.002810
0.004364
0.000000
0.000422
0.002047
0.002232
0.001446
0.000000
0.002892
0.003057
0.003825
0.001090
0.000000
0.000333
0.000000
0.002770
0.003870
0.000785
0.000034
0.000000
0.000479
0.000000
0.000000
0.000000
0.001938
0.000000
0.000000
0.001286
0.000671
0.000000
0.001405
0.001393
0.000628
0.000000
0.000000
0.000000
0.003689

objFunc:0.001206
x values:
0.101066
0.111844
0.064052
0.071066
0.034329
0.052076
0.096998
0.029176
0.016583
0.015048
0.024848
0.009579
0.013745
0.000000
0.004220
0.018023
0.004377
0.009679
0.009252
0.013468
0.009791
0.006658
0.006278
0.007926
0.018289
0.012166
0.006747
0.017802
0.017980
0.009595
0.009002
0.008424
0.009202
0.007040
0.000000
0.007380
0.004695
0.000000
0.007870
0.005015
0.008246
0.009546
0.005561
0.009846
0.000000
0.009224
0.004298
0.000000
0.007189
0.005966
0.007343
0.004261
0.000000
0.000000
0.003618
0.002638
0.005866
0.006696
0.003761
0.000616
0.000000
0.000000
0.002550
0.002250
0.000000
0.000341
0.001773
0.002355
0.000722
0.000000
0.002415
0.002908
0.000145
0.000663
0.000000
0.000130
0.000000
0.003556
0.003888
0.000881
0.000000
0.000000
0.000000
0.000053
0.000000
0.000000
0.001727
0.000000
0.000000
0.000865
0.000411
0.000000
0.001304
0.001004
0.000428
0.000000
0.000000
0.000000
0.003667

objFunc:0.000998
x values:
0.101000
0.111793
0.064157
0.071615
0.034238
0.051793
0.096916
0.026491
0.020509
0.015335
0.025071
0.009688
0.013447
0.023947
0.004239
0.017573
0.004558
0.008361
0.008781
0.013247
0.009712
0.006742
0.006149
0.008124
0.017437
0.011907
0.006603
0.018244
0.017419
0.011813
0.009030
0.008185
0.008872
0.007072
0.000000
0.007601
0.004273
0.000000
0.007834
0.004967
0.008413
0.009529
0.005040
0.000000
0.007594
0.009534
0.004512
0.000000
0.007534
0.002602
0.001895
0.003208
0.000000
0.000000
0.000307
0.000094
0.005743
0.000255
0.003846
0.000842
0.000000
0.000000
0.002454
0.002411
0.000000
0.000478
0.001765
0.002636
0.000000
0.000000
0.001546
0.004488
0.000379
0.000778
0.000000
0.000257
0.000653
0.004584
0.004038
0.000916
0.000000
0.000000
0.000000
0.000796
0.000000
0.000000
0.001586
0.000000
0.000000
0.000982
0.000436
0.000000
0.001357
0.001209
0.000559
0.000000
0.000000
0.000000
0.000000

objFunc:0.000874
x values:
0.100935
0.111404
0.064087
0.071773
0.034600
0.052268
0.096997
0.026438
0.000000
0.015506
0.024346
0.010759
0.013343
0.021521
0.004026
0.017874
0.004658
0.009023
0.009001
0.012166
0.009389
0.007231
0.006217
0.008442
0.017183
0.011904
0.006600
0.018322
0.017448
0.010968
0.009080
0.008007
0.009085
0.006794
0.000000
0.007363
0.004413
0.000000
0.008015
0.004748
0.008316
0.009383
0.005623
0.009360
0.007299
0.008993
0.004386
0.000000
0.007493
0.005726
0.006564
0.002241
0.000000
0.000000
0.000000
0.000113
0.005897
0.000817
0.003936
0.001003
0.000000
0.000000
0.002515
0.002523
0.000000
0.000509
0.001875
0.002365
0.000000
0.000000
0.005860
0.003379
0.000455
0.000808
0.000000
0.000670
0.000899
0.004700
0.004055
0.000699
0.000000
0.000000
0.000000
0.000714
0.000000
0.000000
0.001562
0.000000
0.000000
0.001092
0.000640
0.000000
0.001362
0.000782
0.000890
0.000000
0.000000
0.002568
0.000000

objFunc:0.000817
x values:
0.101043
0.111317
0.064395
0.075012
0.034543
0.052342
0.096766
0.026019
0.000000
0.018731
0.024372
0.000000
0.013112
0.022438
0.004268
0.018068
0.004678
0.008265
0.009261
0.011960
0.009356
0.006992
0.006051
0.008444
0.016864
0.011920
0.006767
0.017405
0.016961
0.013013
0.009101
0.007968
0.009012
0.006718
0.007822
0.007329
0.004274
0.000000
0.007909
0.004843
0.008982
0.009198
0.005604
0.009616
0.008033
0.008856
0.004558
0.000000
0.007434
0.002623
0.001917
0.002164
0.000000
0.000000
0.000000
0.000000
0.006020
0.000534
0.006290
0.001081
0.000000
0.000000
0.002558
0.002582
0.000000
0.000433
0.001558
0.002610
0.000000
0.004739
0.002154
0.003258
0.000000
0.000819
0.000000
0.000422
0.000621
0.004598
0.004009
0.000059
0.000000
0.000000
0.000000
0.001168
0.000000
0.000000
0.001443
0.000000
0.000000
0.000999
0.000298
0.000000
0.001280
0.005007
0.000819
0.000000
0.000000
0.000317
0.000000

objFunc:0.000743
x values:
0.100969
0.111015
0.064323
0.074243
0.033935
0.051757
0.096762
0.025425
0.000000
0.017918
0.024205
0.011441
0.013040
0.000000
0.004327
0.017662
0.004548
0.007415
0.011191
0.011695
0.009198
0.006970
0.005789
0.008536
0.016543
0.011776
0.006721
0.018137
0.016430
0.010535
0.009198
0.007834
0.008986
0.006954
0.007042
0.007221
0.004182
0.000000
0.007943
0.004752
0.008643
0.009135
0.005341
0.008994
0.007927
0.008530
0.004494
0.000000
0.008026
0.005703
0.006871
0.002348
0.000000
0.000000
0.000000
0.000055
0.003715
0.006876
0.006208
0.001968
0.000000
0.000000
0.002675
0.002618
0.000000
0.000478
0.001867
0.005015
0.000000
0.000511
0.002265
0.004343
0.000467
0.001043
0.000000
0.000699
0.000000
0.004410
0.004246
0.000000
0.000000
0.000000
0.000000
0.003932
0.000000
0.000000
0.001697
0.000000
0.000000
0.001310
0.000343
0.003071
0.001304
0.004711
0.001091
0.000000
0.000000
0.000451
0.000000

objFunc:0.000683
x values:
0.101312
0.110729
0.064168
0.076822
0.034074
0.051275
0.096634
0.025132
0.016692
0.000000
0.023877
0.000000
0.013070
0.022080
0.004455
0.017639
0.004586
0.007048
0.010743
0.011708
0.009046
0.006371
0.006005
0.008237
0.016414
0.011770
0.006670
0.024797
0.015770
0.009767
0.009749
0.007719
0.009266
0.006534
0.007424
0.007108
0.004161
0.000000
0.008263
0.004688
0.009890
0.009291
0.005943
0.009317
0.007947
0.009017
0.004533
0.000000
0.003658
0.002183
0.001882
0.002183
0.000000
0.003198
0.000000
0.000000
0.003371
0.000000
0.006332
0.000672
0.000000
0.000000
0.002974
0.004118
0.000000
0.000303
0.005105
0.002604
0.000000
0.000624
0.001542
0.002879
0.000645
0.001226
0.000000
0.000797
0.000081
0.007678
0.004428
0.000000
0.000000
0.000000
0.000000
0.001388
0.000000
0.000000
0.001785
0.000000
0.000000
0.001300
0.003576
0.000303
0.001337
0.000755
0.001198
0.000000
0.000000
0.002134
0.000000

objFunc:0.000578
x values:
0.101579
0.110757
0.064511
0.073484
0.033953
0.051250
0.096544
0.025213
0.000000
0.015264
0.024081
0.010204
0.013054
0.021652
0.004544
0.017640
0.004440
0.006864
0.000000
0.011780
0.009143
0.006392
0.005819
0.008697
0.016282
0.011843
0.006978
0.020620
0.015673
0.010603
0.009644
0.007628
0.009102
0.007098
0.006522
0.007048
0.004250
0.000000
0.008413
0.004958
0.009321
0.009097
0.005832
0.008885
0.006549
0.009513
0.005427
0.000000
0.000000
0.006389
0.006146
0.002370
0.000000
0.000000
0.000000
0.000000
0.003762
0.000000
0.004307
0.000759
0.000000
0.000000
0.003045
0.003958
0.000000
0.002519
0.001646
0.002632
0.002489
0.000684
0.007783
0.002631
0.000467
0.000698
0.000000
0.000839
0.000396
0.004309
0.006680
0.000000
0.000588
0.000000
0.000000
0.002224
0.000000
0.000000
0.001536
0.000000
0.000000
0.001281
0.000469
0.002838
0.001248
0.005058
0.001316
0.000000
0.000000
0.000784
0.000000

objFunc:0.000419
x values:
0.101388
0.110394
0.063964
0.073351
0.033287
0.050984
0.096321
0.024790
0.015730
0.013908
0.023858
0.010166
0.012844
0.019510
0.003476
0.017394
0.004103
0.006235
0.000000
0.011891
0.009439
0.006264
0.006035
0.008746
0.015984
0.011888
0.006729
0.018359
0.015302
0.000000
0.009909
0.007461
0.008843
0.006775
0.006079
0.006895
0.003862
0.008471
0.008097
0.004488
0.009148
0.008999
0.004958
0.007745
0.005819
0.000000
0.000000
0.000000
0.000000
0.005321
0.005706
0.003816
0.002874
0.002856
0.000781
0.000000
0.004101
0.000000
0.005936
0.000000
0.000000
0.000000
0.005722
0.003747
0.000000
0.000810
0.001813
0.004670
0.002661
0.003481
0.000000
0.002698
0.003874
0.001235
0.000202
0.001312
0.000000
0.008011
0.005057
0.000000
0.002198
0.004556
0.000000
0.001838
0.000000
0.000000
0.002090
0.000000
0.000000
0.000000
0.003303
0.000788
0.002343
0.001471
0.003107
0.000000
0.000000
0.001738
0.000000

objFunc:0.000382
x values:
0.101634
0.110388
0.063992
0.071527
0.033513
0.051063
0.096378
0.024661
0.014910
0.013661
0.024199
0.010366
0.012879
0.020356
0.003401
0.017473
0.004248
0.006337
0.000000
0.011567
0.009291
0.006486
0.006224
0.008931
0.015934
0.011837
0.007425
0.017261
0.015777
0.010833
0.009520
0.007408
0.008975
0.007529
0.005941
0.006904
0.004364
0.009869
0.008956
0.004539
0.010149
0.009018
0.006012
0.008965
0.005657
0.000000
0.000000
0.005932
0.002416
0.002636
0.005843
0.002637
0.000117
0.000682
0.002984
0.000000
0.004011
0.000000
0.005888
0.000000
0.000000
0.003332
0.003332
0.003703
0.000000
0.000737
0.001614
0.002575
0.003682
0.001574
0.000000
0.002684
0.000106
0.003734
0.000000
0.001230
0.000000
0.005176
0.003765
0.000000
0.001055
0.000000
0.000000
0.001898
0.000000
0.000000
0.003943
0.000000
0.000000
0.000000
0.000000
0.000795
0.001306
0.000000
0.003176
0.000000
0.000000
0.001082
0.000000

objFunc:0.000268
x values:
0.101013
0.110214
0.063764
0.070316
0.034093
0.050984
0.096288
0.024267
0.013302
0.013265
0.023340
0.008211
0.012674
0.019217
0.000000
0.017726
0.004153
0.006217
0.000000
0.010859
0.008811
0.005529
0.007349
0.007910
0.015865
0.011850
0.007385
0.016314
0.015243
0.000000
0.009190
0.007354
0.008896
0.006161
0.005654
0.006750
0.000000
0.006714
0.000000
0.004575
0.009836
0.009103
0.000000
0.006933
0.004870
0.000000
0.004437
0.007244
0.008847
0.005358
0.005150
0.003907
0.002241
0.002293
0.003278
0.000000
0.006943
0.006416
0.005934
0.004560
0.000000
0.001487
0.004954
0.003672
0.002452
0.001972
0.004736
0.006282
0.002910
0.001914
0.000000
0.002190
0.001179
0.003215
0.002786
0.002551
0.000000
0.007460
0.006741
0.000000
0.001247
0.000000
0.000000
0.003056
0.000000
0.000000
0.002100
0.000000
0.000000
0.000000
0.000000
0.002319
0.001458
0.000000
0.002908
0.000000
0.000000
0.001605
0.000000

objFunc:0.000346
x values:
0.100823
0.110526
0.064255
0.073401
0.033689
0.051301
0.096755
0.025379
0.013381
0.014404
0.023652
0.010304
0.013124
0.019877
0.000000
0.019454
0.003908
0.006588
0.008979
0.011527
0.008845
0.006851
0.008502
0.008554
0.016136
0.012166
0.006268
0.016245
0.016019
0.009387
0.009941
0.007533
0.009572
0.006591
0.005726
0.006823
0.000000
0.007814
0.009455
0.004942
0.008173
0.009717
0.000000
0.006807
0.005946
0.000000
0.000000
0.000000
0.000000
0.000000
0.005731
0.003951
0.002928
0.003138
0.000000
0.002460
0.003042
0.000000
0.003825
0.001728
0.005653
0.002943
0.003581
0.003837
0.000278
0.002390
0.002078
0.000000
0.003834
0.001661
0.000000
0.002911
0.001064
0.001896
0.000329
0.001282
0.000000
0.005556
0.006647
0.000000
0.001110
0.004262
0.000000
0.001527
0.000000
0.000000
0.002268
0.000000
0.000000
0.000000
0.000779
0.003132
0.001246
0.000000
0.001843
0.000000
0.000000
0.001746
0.000000

objFunc:0.000451
x values:
0.101022
0.110831
0.064394
0.085083
0.033853
0.051198
0.096662
0.025286
0.013034
0.000000
0.023712
0.011589
0.013124
0.021037
0.000000
0.018690
0.004152
0.006461
0.008936
0.012497
0.008990
0.008037
0.006591
0.008071
0.016155
0.012037
0.006428
0.016639
0.015774
0.010494
0.010802
0.007588
0.009013
0.006962
0.006351
0.007089
0.000000
0.007644
0.011553
0.004688
0.008316
0.009443
0.000000
0.006927
0.006160
0.000000
0.000000
0.007563
0.000000
0.000658
0.002698
0.004085
0.000000
0.003034
0.000139
0.000000
0.004416
0.000000
0.003850
0.005106
0.000000
0.000552
0.003524
0.003877
0.000000
0.000521
0.002182
0.000000
0.002382
0.001557
0.000000
0.002825
0.000477
0.001761
0.000046
0.003167
0.000000
0.007903
0.006637
0.000000
0.000875
0.004031
0.000000
0.001422
0.000000
0.000000
0.002070
0.000000
0.000000
0.000000
0.003490
0.000000
0.000972
0.000778
0.003173
0.000000
0.000000
0.000918
0.000000

objFunc:0.000303
x values:
0.101102
0.110627
0.064679
0.070720
0.041271
0.050899
0.096653
0.025235
0.013060
0.014872
0.023524
0.010838
0.013080
0.021694
0.000000
0.024862
0.004142
0.006384
0.007110
0.015500
0.008732
0.007751
0.000000
0.007817
0.015989
0.011917
0.006924
0.015802
0.015319
0.000000
0.000000
0.007474
0.009600
0.010270
0.005511
0.006972
0.005318
0.007743
0.000000
0.004780
0.008184
0.009778
0.000000
0.007144
0.005916
0.010780
0.001972
0.003773
0.004305
0.000000
0.005536
0.002337
0.000281
0.000640
0.000000
0.002536
0.000000
0.000000
0.004066
0.004700
0.002213
0.001252
0.003766
0.003747
0.000000
0.000286
0.002095
0.002153
0.002711
0.001874
0.008119
0.002385
0.000866
0.001911
0.003104
0.001156
0.000000
0.007390
0.006523
0.000000
0.001271
0.001146
0.000000
0.001635
0.000000
0.000000
0.003906
0.000000
0.000000
0.000000
0.000000
0.000248
0.000000
0.000000
0.003064
0.000000
0.000000
0.001057
0.000000
