Outputs 30 runs
objFunc:0.000803

x values:
0.100552
0.111434
0.064289
0.070229
0.034251
0.053597
0.108640
0.026596
0.014790
0.013753
0.025546
0.008485
0.015224
0.021770
0.000000
0.018038
0.004184
0.007383
0.008784
0.016489
0.009582
0.000000
0.007380
0.007737
0.021941
0.012115
0.006488
0.016995
0.017967
0.008376
0.008919
0.009701
0.009165
0.006816
0.007279
0.007564
0.005704
0.000000
0.008933
0.005330
0.008150
0.010258
0.005266
0.006672
0.000000
0.008604
0.003900
0.001135
0.004524
0.001393
0.000000
0.002466
0.000000
0.000000
0.000301
0.000115
0.004191
0.001832
0.002489
0.000000
0.001515
0.000331
0.001864
0.000000
0.000000
0.000100
0.002214
0.002815
0.001677
0.000000
0.003074
0.003051
0.000000
0.000078
0.000000
0.000000
0.000833
0.004606
0.003821
0.000437
0.000646
0.001006
0.000000
0.000000
0.000000
0.000000
0.002047
0.000000
0.000000
0.001582
0.000759
0.000000
0.001557
0.001277
0.000862
0.000000
0.000000
0.000000
0.000521

objFunc:0.000825
x values:
0.100475
0.111307
0.064489
0.070318
0.033706
0.044888
0.089629
0.026533
0.016066
0.013642
0.025938
0.008241
0.014579
0.021927
0.004499
0.014997
0.004099
0.006957
0.009041
0.003738
0.009662
0.000000
0.007203
0.007972
0.000000
0.010122
0.003873
0.017213
0.018031
0.007197
0.009066
0.000000
0.006504
0.006876
0.009155
0.007410
0.005116
0.009074
0.005810
0.004978
0.007918
0.010537
0.005392
0.004388
0.000000
0.008855
0.001995
0.006580
0.004426
0.006016
0.000000
0.002607
0.000000
0.000000
0.003729
0.000391
0.004326
0.005537
0.008293
0.000000
0.005728
0.003553
0.007643
0.005279
0.000000
0.000427
0.002258
0.003020
0.001902
0.000000
0.003088
0.003143
0.000000
0.000000
0.000000
0.000000
0.005758
0.009225
0.007301
0.004531
0.000700
0.001298
0.000000
0.000000
0.000000
0.000000
0.003845
0.000000
0.000000
0.003205
0.003187
0.000000
0.002032
0.004257
0.003894
0.000000
0.000000
0.000000
0.003407

objFunc:0.000646
x values:
0.100404
0.111186
0.064189
0.070114
0.033720
0.055013
0.101300
0.027504
0.015414
0.013501
0.024898
0.008696
0.014389
0.023259
0.000069
0.017527
0.002348
0.003905
0.003888
0.019891
0.006240
0.000000
0.001684
0.005231
0.025610
0.011789
0.004059
0.016641
0.018062
0.008311
0.008660
0.000000
0.008862
0.003699
0.007664
0.007178
0.004892
0.000000
0.005863
0.002674
0.005014
0.006261
0.005196
0.006744
0.000000
0.004692
0.002222
0.003074
0.004634
0.002618
0.000000
0.002744
0.000000
0.000000
0.003827
0.002211
0.005347
0.001791
0.005572
0.000000
0.005469
0.000606
0.002051
0.001890
0.000000
0.000599
0.002489
0.003208
0.002009
0.000000
0.003307
0.003252
0.000000
0.000000
0.000000
0.000000
0.006038
0.009344
0.007069
0.004612
0.000967
0.003779
0.000000
0.000000
0.000000
0.000000
0.003669
0.000000
0.000000
0.003088
0.003103
0.000000
0.001994
0.004019
0.003850
0.000000
0.000000
0.000000
0.003305

objFunc:0.000659
x values:
0.100494
0.110895
0.064629
0.070553
0.034097
0.053195
0.099138
0.026815
0.020976
0.013840
0.025001
0.008866
0.013828
0.030775
0.004132
0.017404
0.004199
0.007120
0.008165
0.014123
0.011095
0.000000
0.006700
0.007754
0.021519
0.011715
0.006403
0.016786
0.018007
0.008373
0.008722
0.011164
0.008668
0.007152
0.007905
0.005709
0.001796
0.000000
0.005750
0.002630
0.004368
0.006501
0.005219
0.004267
0.000000
0.004520
0.002070
0.002756
0.004289
0.002613
0.001483
0.002647
0.000000
0.000000
0.000000
0.000310
0.005395
0.001768
0.003220
0.000000
0.001286
0.000201
0.001780
0.002135
0.000000
0.000638
0.002354
0.002998
0.001743
0.000000
0.002964
0.003146
0.000000
0.005121
0.000000
0.000000
0.000000
0.009612
0.003787
0.004489
0.000777
0.001330
0.000000
0.000000
0.000000
0.000000
0.001901
0.000000
0.000000
0.001568
0.000750
0.000000
0.001591
0.001510
0.000799
0.000000
0.000000
0.000000
0.000000

objFunc:0.000887
x values:
0.100730
0.111160
0.064538
0.070647
0.034284
0.053054
0.092072
0.023639
0.007625
0.013959
0.025641
0.008799
0.014382
0.003616
0.000000
0.017511
0.004376
0.007107
0.008522
0.004636
0.010576
0.000000
0.006078
0.008371
0.009358
0.010121
0.006714
0.017380
0.017611
0.007023
0.009066
0.010504
0.008926
0.001589
0.000811
0.005531
0.004814
0.000000
0.005470
0.005101
0.008135
0.010143
0.005222
0.007144
0.000000
0.009614
0.004222
0.006530
0.007598
0.005826
0.007116
0.002438
0.000000
0.000000
0.003602
0.000378
0.004237
0.005477
0.007624
0.000000
0.006656
0.003768
0.007429
0.005227
0.000000
0.000419
0.002053
0.004796
0.004793
0.000000
0.002864
0.002999
0.000000
0.004658
0.000000
0.000000
0.000000
0.009220
0.007561
0.004522
0.002482
0.004156
0.000000
0.000000
0.000000
0.000000
0.004164
0.000000
0.000000
0.001524
0.003559
0.000000
0.002089
0.004532
0.003882
0.000000
0.000000
0.000000
0.000000

objFunc:0.001072
x values:
0.100812
0.111426
0.064823
0.070549
0.034296
0.053682
0.099715
0.026941
0.016689
0.013900
0.025717
0.009180
0.014310
0.025650
0.000000
0.017585
0.004348
0.007135
0.008969
0.018835
0.010742
0.000000
0.006262
0.008680
0.023480
0.011949
0.006752
0.017379
0.018179
0.008786
0.009436
0.010296
0.009097
0.008511
0.009051
0.005528
0.001657
0.000047
0.005467
0.002179
0.004639
0.006114
0.001214
0.007308
0.000000
0.003691
0.004293
0.002527
0.004150
0.002146
0.001378
0.002265
0.000000
0.000000
0.000053
0.000176
0.004163
0.001268
0.006313
0.000000
0.000000
0.000389
0.001813
0.001763
0.000000
0.000264
0.004894
0.002590
0.001765
0.000000
0.002833
0.002973
0.000000
0.004947
0.000000
0.000000
0.000000
0.004086
0.003435
0.004333
0.000575
0.000892
0.000000
0.000000
0.000000
0.000000
0.001577
0.000000
0.000000
0.001062
0.003632
0.000000
0.001493
0.001059
0.003887
0.000000
0.000000
0.000000
0.000000

objFunc:0.000845
x values:
0.100687
0.111045
0.064335
0.070329
0.034372
0.052613
0.098943
0.025982
0.014864
0.013732
0.024679
0.008583
0.013694
0.000000
0.000000
0.015182
0.002063
0.004182
0.008693
0.017021
0.010344
0.000000
0.006096
0.007990
0.021192
0.010176
0.003882
0.017163
0.017765
0.007060
0.009095
0.009184
0.006486
0.007796
0.007855
0.005769
0.001637
0.000000
0.005634
0.002413
0.008042
0.010068
0.004949
0.004389
0.000000
0.009426
0.002016
0.007914
0.004452
0.005811
0.006522
0.002380
0.000000
0.000000
0.003428
0.000365
0.004234
0.005383
0.007462
0.000000
0.006462
0.000721
0.006436
0.003978
0.000000
0.000489
0.002239
0.002549
0.001919
0.000000
0.002977
0.003044
0.003788
0.004355
0.000000
0.000000
0.000000
0.008177
0.007323
0.004063
0.000729
0.001252
0.000000
0.000000
0.000000
0.000000
0.001753
0.000000
0.000000
0.001313
0.003656
0.000000
0.001541
0.004655
0.001207
0.000000
0.000000
0.000000
0.000000

objFunc:0.000976
x values:
0.100909
0.111441
0.064620
0.070449
0.034313
0.052959
0.098625
0.026276
0.015716
0.013858
0.025123
0.008546
0.013790
0.000000
0.000000
0.017510
0.004430
0.006904
0.008790
0.016755
0.010827
0.008519
0.006165
0.008571
0.021369
0.012044
0.006591
0.017346
0.018933
0.008698
0.009354
0.009144
0.008981
0.008223
0.008738
0.005685
0.001734
0.000000
0.005637
0.002278
0.004535
0.006120
0.001227
0.006896
0.000000
0.010514
0.001843
0.008046
0.004172
0.002285
0.006826
0.002163
0.000000
0.000000
0.000282
0.000189
0.004156
0.005851
0.006795
0.000000
0.006884
0.000656
0.006648
0.001384
0.000000
0.000491
0.002019
0.002535
0.001863
0.000000
0.002651
0.002994
0.000000
0.004866
0.000000
0.000000
0.000000
0.008940
0.003585
0.000811
0.000660
0.001061
0.000000
0.000000
0.000000
0.000000
0.001606
0.000000
0.000000
0.001221
0.003838
0.000000
0.001499
0.000943
0.001097
0.000000
0.000000
0.000000
0.000000

objFunc:0.000950
x values:
0.100927
0.111518
0.064469
0.070170
0.034097
0.053127
0.099426
0.026861
0.014595
0.013697
0.025586
0.008609
0.013889
0.032416
0.000000
0.018102
0.001957
0.003423
0.003012
0.015243
0.005179
0.008566
0.001758
0.004212
0.023441
0.012172
0.003789
0.012601
0.018547
0.008532
0.005843
0.005075
0.006265
0.002804
0.008934
0.007254
0.001454
0.010290
0.005582
0.002270
0.004256
0.005897
0.005660
0.003903
0.000000
0.010138
0.001998
0.000000
0.004220
0.001297
0.007337
0.002069
0.000000
0.000000
0.000000
0.000095
0.004033
0.001313
0.002769
0.000000
0.006767
0.000617
0.002284
0.004439
0.000000
0.000277
0.002097
0.002246
0.001862
0.000000
0.003028
0.003023
0.000000
0.000000
0.000000
0.000000
0.000000
0.008711
0.007758
0.004646
0.000718
0.003970
0.005402
0.000000
0.000000
0.000000
0.004198
0.000000
0.000000
0.003485
0.003750
0.000000
0.001466
0.004703
0.003877
0.000000
0.000000
0.000000
0.000000

objFunc:0.000992
x values:
0.100938
0.112109
0.064434
0.070266
0.034301
0.053275
0.099803
0.026620
0.014204
0.013629
0.025972
0.009602
0.013765
0.029464
0.000000
0.018179
0.004350
0.008475
0.008753
0.016206
0.010546
0.007643
0.006768
0.008146
0.024251
0.012144
0.006468
0.018242
0.017480
0.008823
0.009159
0.009224
0.009188
0.007908
0.000000
0.007396
0.000272
0.000000
0.005517
0.002191
0.004402
0.005777
0.000502
0.003545
0.000000
0.009774
0.002083
0.000000
0.004257
0.001410
0.000000
0.001967
0.000000
0.000000
0.000000
0.000046
0.003953
0.001089
0.005915
0.006630
0.000000
0.000605
0.002072
0.000704
0.000000
0.000240
0.002048
0.002255
0.001811
0.000000
0.002959
0.003028
0.000153
0.000055
0.000000
0.000000
0.000000
0.004461
0.003689
0.004890
0.000742
0.000896
0.005277
0.000000
0.000000
0.000000
0.001742
0.000000
0.000000
0.001272
0.003719
0.000000
0.001448
0.001222
0.004045
0.000000
0.000000
0.000000
0.003602

objFunc:0.000984
x values:
0.098704
0.111951
0.060879
0.067744
0.034343
0.052937
0.099120
0.026884
0.014052
0.011084
0.025376
0.009259
0.010504
0.000000
0.000000
0.018257
0.002042
0.008835
0.008555
0.016052
0.010139
0.007077
0.006643
0.004755
0.024828
0.009959
0.003849
0.018514
0.017252
0.006862
0.005985
0.009801
0.006290
0.007471
0.000000
0.005622
0.005687
0.000000
0.005537
0.002325
0.004824
0.010558
0.005352
0.008055
0.000000
0.009762
0.002131
0.000000
0.004301
0.007272
0.007943
0.002243
0.000000
0.000000
0.003799
0.000029
0.004036
0.005813
0.008398
0.006435
0.000000
0.000597
0.006870
0.006109
0.000000
0.000313
0.002080
0.002222
0.001648
0.000000
0.002955
0.003007
0.002630
0.004953
0.000000
0.000000
0.000000
0.008896
0.007543
0.000000
0.000690
0.004405
0.005144
0.000000
0.000000
0.000000
0.001841
0.000000
0.000000
0.001199
0.000411
0.000000
0.001462
0.001148
0.004153
0.000000
0.000000
0.000000
0.003601

objFunc:0.000843
x values:
0.098805
0.111654
0.064196
0.067870
0.034205
0.052542
0.097753
0.026198
0.014000
0.011081
0.024649
0.009789
0.013820
0.000000
0.000000
0.018136
0.002215
0.010470
0.008247
0.017579
0.009588
0.006953
0.006200
0.007991
0.000000
0.010018
0.004095
0.017991
0.016688
0.007021
0.009036
0.013493
0.006566
0.006876
0.000000
0.005784
0.005597
0.008828
0.007029
0.002521
0.007961
0.011290
0.005162
0.008363
0.000000
0.009470
0.002226
0.000000
0.004573
0.006899
0.007351
0.002205
0.000000
0.000000
0.003579
0.000296
0.003998
0.006259
0.000000
0.006282
0.006558
0.000751
0.006429
0.005782
0.000000
0.000512
0.002312
0.005743
0.001831
0.000000
0.003080
0.003084
0.000629
0.004502
0.000000
0.000000
0.000000
0.008404
0.004167
0.000000
0.000775
0.001259
0.005109
0.000000
0.000000
0.000000
0.002057
0.000000
0.000000
0.001287
0.000664
0.000000
0.001481
0.004690
0.003941
0.000000
0.000000
0.000000
0.003556

objFunc:0.000711
x values:
0.100791
0.111762
0.063865
0.070006
0.033832
0.052832
0.097525
0.026329
0.013691
0.013455
0.024263
0.009392
0.013739
0.000000
0.000000
0.017840
0.002374
0.000000
0.008244
0.000000
0.009398
0.006852
0.006594
0.007812
0.023793
0.010200
0.004212
0.017102
0.016828
0.007141
0.006207
0.011877
0.006676
0.006625
0.000000
0.005870
0.005460
0.007944
0.005670
0.002608
0.005862
0.010510
0.005137
0.008067
0.000000
0.009250
0.002294
0.000000
0.004730
0.006313
0.006543
0.002457
0.000000
0.000000
0.003368
0.000421
0.004147
0.000000
0.009085
0.006478
0.006583
0.000929
0.006073
0.004954
0.000000
0.000566
0.002377
0.005512
0.002157
0.000000
0.003231
0.003186
0.000793
0.004325
0.000000
0.000000
0.000000
0.008767
0.006989
0.004754
0.000887
0.001366
0.005249
0.000000
0.000000
0.000000
0.002174
0.000000
0.000000
0.001530
0.000866
0.000000
0.001522
0.004394
0.003896
0.000000
0.000000
0.000000
0.003451

objFunc:0.000710
x values:
0.100856
0.112070
0.064014
0.070334
0.033697
0.052865
0.097475
0.027607
0.014773
0.013767
0.024625
0.011287
0.013465
0.028426
0.004032
0.017722
0.003992
0.000000
0.008099
0.000000
0.009600
0.007147
0.006932
0.008020
0.018684
0.011797
0.006136
0.017236
0.017816
0.008477
0.008977
0.008562
0.008999
0.006762
0.000000
0.005850
0.005903
0.000000
0.005871
0.002564
0.005044
0.006405
0.002307
0.007996
0.000000
0.009118
0.002251
0.000000
0.004761
0.002208
0.007368
0.002489
0.000000
0.000000
0.000331
0.000420
0.004086
0.006539
0.007171
0.006250
0.000000
0.000824
0.002662
0.002303
0.000000
0.002355
0.002130
0.001897
0.002061
0.000000
0.003097
0.003154
0.003271
0.001292
0.000000
0.000000
0.000000
0.009934
0.004131
0.004856
0.000820
0.001064
0.000000
0.000000
0.000000
0.000000
0.002064
0.000000
0.000000
0.001469
0.000944
0.000000
0.001474
0.001526
0.003882
0.000000
0.000000
0.000000
0.003607

objFunc:0.001109
x values:
0.098558
0.112612
0.061211
0.067414
0.034163
0.052492
0.094305
0.026960
0.014873
0.010728
0.024681
0.009222
0.010703
0.027676
0.004535
0.018155
0.002061
0.009123
0.008889
0.015214
0.009801
0.006892
0.006405
0.008191
0.018099
0.009816
0.003812
0.017487
0.018142
0.006593
0.005901
0.005715
0.006212
0.004459
0.000000
0.005675
0.005909
0.000000
0.005622
0.002190
0.004845
0.010132
0.005609
0.007572
0.000000
0.009088
0.001970
0.000000
0.004364
0.006000
0.007933
0.002161
0.000000
0.000000
0.003748
0.000245
0.003689
0.006779
0.007456
0.000000
0.006824
0.003798
0.006379
0.002046
0.000000
0.000351
0.001922
0.006486
0.001606
0.000000
0.002774
0.002866
0.000600
0.000984
0.000000
0.000000
0.000000
0.009439
0.004026
0.004459
0.000405
0.000000
0.000000
0.000000
0.000000
0.000000
0.001802
0.000000
0.000000
0.001270
0.003427
0.000000
0.001338
0.001211
0.003900
0.000000
0.000000
0.000000
0.000000

objFunc:0.001698
x values:
0.101454
0.107201
0.064381
0.070956
0.034283
0.052231
0.097062
0.020565
0.007616
0.014802
0.024832
0.009267
0.013681
0.007245
0.004265
0.018220
0.004469
0.002317
0.002959
0.006448
0.010609
0.001334
0.006306
0.008086
0.017584
0.012304
0.006883
0.017503
0.010792
0.009094
0.009418
0.008494
0.009284
0.007324
0.000000
0.007585
0.004970
0.000000
0.007982
0.005176
0.008163
0.009861
0.005289
0.007743
0.000000
0.009209
0.004283
0.000000
0.007338
0.006066
0.000728
0.002105
0.000000
0.000000
0.000016
0.002584
0.006093
0.006122
0.006982
0.003240
0.000339
0.003881
0.006570
0.004543
0.000000
0.002689
0.005231
0.005667
0.005320
0.000000
0.005639
0.004550
0.000000
0.004323
0.000000
0.000000
0.000000
0.002783
0.007327
0.004575
0.000000
0.000000
0.000000
0.004901
0.000000
0.000000
0.004337
0.000000
0.000000
0.000792
0.003974
0.000000
0.002388
0.005144
0.004229
0.000000
0.000000
0.000000
0.000000

objFunc:0.001038
x values:
0.100910
0.111766
0.064005
0.070428
0.033835
0.052026
0.097031
0.016944
0.007339
0.014235
0.024807
0.009318
0.013785
0.000000
0.004296
0.018176
0.004197
0.000000
0.008766
0.006259
0.009621
0.006884
0.006040
0.007649
0.017712
0.012057
0.006389
0.017652
0.009024
0.009095
0.008873
0.008290
0.008998
0.007442
0.000000
0.007327
0.004699
0.000000
0.007810
0.004747
0.007800
0.009438
0.005468
0.001820
0.000000
0.009022
0.004181
0.000000
0.007224
0.005960
0.000816
0.004154
0.000000
0.000000
0.003647
0.002370
0.005840
0.000000
0.006622
0.006186
0.000000
0.003628
0.006192
0.004364
0.000000
0.002488
0.004883
0.005294
0.005015
0.000000
0.005272
0.004291
0.003825
0.004062
0.000000
0.003797
0.000000
0.002770
0.007360
0.004243
0.003087
0.000000
0.005142
0.000000
0.000000
0.000000
0.003999
0.000000
0.000000
0.003471
0.003444
0.000000
0.002209
0.004445
0.004049
0.000000
0.000000
0.000000
0.003689

objFunc:0.001206
x values:
0.101066
0.111844
0.064052
0.071066
0.034329
0.052076
0.096998
0.029176
0.016583
0.015048
0.024848
0.009579
0.013745
0.000000
0.004220
0.018023
0.004377
0.009679
0.009252
0.013468
0.009791
0.006658
0.006278
0.007926
0.018289
0.012166
0.006747
0.017802
0.017980
0.009595
0.009002
0.008424
0.009202
0.007040
0.000000
0.005598
0.001449
0.000000
0.005788
0.002193
0.004701
0.006742
0.005561
0.009846
0.000000
0.009224
0.001700
0.000000
0.004384
0.002158
0.007343
0.002229
0.000000
0.000000
0.000219
0.000133
0.003936
0.006696
0.003761
0.006063
0.000000
0.000000
0.006452
0.002250
0.000000
0.000341
0.001773
0.002355
0.005739
0.000000
0.002415
0.002908
0.000145
0.000663
0.000000
0.002826
0.000000
0.009590
0.003888
0.000881
0.000000
0.000000
0.000000
0.005165
0.000000
0.000000
0.001727
0.000000
0.000000
0.000865
0.003704
0.000000
0.001304
0.001004
0.004249
0.000000
0.000000
0.000000
0.003703

objFunc:0.000998
x values:
0.101000
0.111793
0.064157
0.071615
0.030446
0.051793
0.096916
0.026491
0.002740
0.015335
0.025071
0.009688
0.013447
0.010820
0.000361
0.017573
0.001733
0.008361
0.008781
0.013247
0.006298
0.006742
0.006149
0.008124
0.013701
0.011907
0.006603
0.018244
0.017419
0.003781
0.006072
0.008185
0.008872
0.007072
0.000000
0.007601
0.001871
0.000000
0.007834
0.002241
0.004534
0.009529
0.001257
0.000000
0.007027
0.009534
0.001486
0.000000
0.004040
0.005522
0.006515
0.004161
0.000000
0.000000
0.003529
0.000094
0.005743
0.006678
0.003846
0.005837
0.000000
0.000000
0.006548
0.004476
0.000000
0.002433
0.005164
0.002636
0.000000
0.000000
0.006618
0.004488
0.003704
0.004374
0.000000
0.003873
0.005591
0.008562
0.007192
0.004111
0.000000
0.000000
0.000000
0.000796
0.000000
0.000000
0.004351
0.000000
0.000000
0.000982
0.003679
0.000000
0.002257
0.004629
0.004118
0.000000
0.000000
0.000000
0.000000

objFunc:0.000874
x values:
0.100935
0.111404
0.064087
0.071773
0.034600
0.052268
0.096997
0.026438
0.000000
0.015506
0.024346
0.010759
0.013343
0.021521
0.004026
0.017874
0.004658
0.009023
0.009001
0.012166
0.009389
0.007231
0.006217
0.008442
0.017183
0.011904
0.006600
0.018322
0.017448
0.010968
0.009080
0.008007
0.009085
0.006794
0.000000
0.005615
0.001731
0.000000
0.005643
0.002461
0.004632
0.006905
0.005623
0.009360
0.007299
0.008993
0.001612
0.000000
0.007493
0.002398
0.006564
0.002241
0.000000
0.000000
0.000000
0.000113
0.003905
0.006116
0.003936
0.005677
0.000000
0.000000
0.004278
0.002523
0.000000
0.000509
0.001875
0.002365
0.000000
0.000000
0.002304
0.002911
0.000455
0.000808
0.000000
0.000670
0.005344
0.004700
0.007175
0.000699
0.000000
0.000000
0.000000
0.004504
0.000000
0.000000
0.001562
0.000000
0.000000
0.001092
0.000640
0.000000
0.001362
0.005057
0.000890
0.000000
0.000000
0.002568
0.000000

objFunc:0.000817
x values:
0.101043
0.111317
0.064395
0.075012
0.034543
0.052342
0.096766
0.026019
0.000000
0.018731
0.024372
0.000000
0.013112
0.022438
0.004268
0.018068
0.004678
0.008265
0.009261
0.011960
0.009356
0.006992
0.006051
0.008444
0.016864
0.011920
0.006767
0.017405
0.016961
0.013013
0.009101
0.007968
0.009012
0.006718
0.007822
0.007329
0.001870
0.000000
0.005749
0.002366
0.008982
0.007090
0.005604
0.009616
0.008033
0.008856
0.001440
0.000000
0.004140
0.002623
0.004900
0.002164
0.000000
0.000000
0.000000
0.000000
0.003782
0.006400
0.004194
0.001081
0.000000
0.000000
0.002558
0.002582
0.000000
0.000433
0.001558
0.002610
0.000000
0.004739
0.002154
0.002906
0.000015
0.000819
0.000000
0.000422
0.005622
0.004598
0.004009
0.004968
0.000000
0.000000
0.000000
0.001168
0.000000
0.000000
0.001443
0.000000
0.000000
0.000999
0.003817
0.000000
0.001280
0.000831
0.000819
0.000000
0.000000
0.002444
0.000000

objFunc:0.000743
x values:
0.100969
0.111015
0.064323
0.074243
0.033935
0.051757
0.096762
0.025425
0.000000
0.017918
0.024205
0.011441
0.013040
0.000000
0.004327
0.017662
0.004548
0.007415
0.011191
0.011695
0.009198
0.006970
0.002740
0.008536
0.014596
0.010211
0.006721
0.018137
0.016430
0.010535
0.009198
0.006513
0.006448
0.006954
0.007042
0.005758
0.001962
0.000000
0.005715
0.002456
0.008643
0.007152
0.005341
0.008994
0.007927
0.008530
0.001504
0.000000
0.008026
0.005703
0.006871
0.002348
0.000000
0.000000
0.000000
0.000055
0.003715
0.006876
0.004276
0.006349
0.000000
0.000000
0.006327
0.002618
0.000000
0.000478
0.005063
0.002511
0.000000
0.004263
0.005899
0.003006
0.003616
0.003541
0.000000
0.000699
0.000000
0.008736
0.004246
0.000000
0.000000
0.000000
0.000000
0.001286
0.000000
0.000000
0.001697
0.000000
0.000000
0.001310
0.003773
0.003071
0.001304
0.004711
0.001091
0.000000
0.000000
0.000451
0.000000

objFunc:0.000683
x values:
0.101312
0.110729
0.064168
0.076822
0.034074
0.051275
0.096634
0.025132
0.016692
0.000000
0.023877
0.000000
0.013070
0.022080
0.004455
0.017639
0.004586
0.007048
0.010743
0.011708
0.009046
0.006371
0.006005
0.008237
0.016414
0.011770
0.006670
0.024797
0.015770
0.009767
0.009749
0.007719
0.009266
0.006534
0.007424
0.007108
0.004161
0.000000
0.005395
0.002521
0.009890
0.006997
0.005943
0.009317
0.007947
0.009017
0.004533
0.000000
0.003658
0.002183
0.002469
0.002183
0.000000
0.000029
0.000000
0.000000
0.003371
0.000000
0.004152
0.006008
0.000000
0.000000
0.002974
0.002769
0.000000
0.002607
0.001824
0.002604
0.000000
0.000624
0.006622
0.002879
0.000645
0.003925
0.000000
0.000797
0.006163
0.004846
0.004428
0.000000
0.000000
0.000000
0.000000
0.001388
0.000000
0.000000
0.001785
0.000000
0.000000
0.001300
0.000539
0.002895
0.001337
0.000755
0.001198
0.000000
0.000000
0.000628
0.000000

objFunc:0.000578
x values:
0.101579
0.110757
0.064511
0.073484
0.033953
0.051250
0.096544
0.025213
0.000000
0.015264
0.021391
0.010204
0.011220
0.021652
0.004544
0.015032
0.001851
0.004135
0.000000
0.011780
0.006867
0.006392
0.005819
0.008697
0.016282
0.010144
0.006978
0.020620
0.015673
0.010603
0.009644
0.006719
0.006332
0.007098
0.006522
0.005930
0.001894
0.000000
0.008413
0.002251
0.009321
0.007190
0.005832
0.008885
0.006549
0.009513
0.005427
0.000000
0.000000
0.006389
0.006146
0.002370
0.000000
0.000000
0.000000
0.000000
0.003762
0.000000
0.004307
0.005920
0.000000
0.000000
0.004189
0.002929
0.000000
0.000391
0.005284
0.002632
0.002489
0.004091
0.007783
0.002631
0.003617
0.004454
0.000000
0.000839
0.005847
0.008837
0.004550
0.000000
0.000588
0.000000
0.000000
0.001532
0.000000
0.000000
0.001536
0.000000
0.000000
0.001281
0.003646
0.000359
0.001248
0.005058
0.003361
0.000000
0.000000
0.001977
0.000000

objFunc:0.000419
x values:
0.101388
0.110394
0.063964
0.073351
0.033287
0.050984
0.096321
0.024790
0.015730
0.013908
0.023858
0.010166
0.012844
0.019510
0.001125
0.017394
0.002188
0.006235
0.000000
0.011891
0.009439
0.006264
0.006035
0.008746
0.015984
0.011888
0.006729
0.018359
0.015302
0.000000
0.009909
0.007461
0.008843
0.006775
0.006079
0.006895
0.002282
0.008471
0.008097
0.002721
0.009148
0.008999
0.004958
0.007745
0.005819
0.000000
0.000000
0.000000
0.000000
0.003215
0.005706
0.002674
0.002874
0.000371
0.000781
0.000000
0.005701
0.000000
0.005936
0.000000
0.000000
0.000000
0.003280
0.003747
0.000000
0.000810
0.005117
0.002856
0.003800
0.001293
0.000000
0.002698
0.003874
0.003917
0.003434
0.001312
0.000000
0.008011
0.007058
0.000000
0.000924
0.004556
0.000000
0.003381
0.000000
0.000000
0.003847
0.000000
0.000000
0.000000
0.003303
0.002410
0.002343
0.004367
0.003107
0.000000
0.000000
0.001024
0.000000

objFunc:0.000382
x values:
0.101634
0.110388
0.063992
0.071527
0.033513
0.051063
0.096378
0.024661
0.014910
0.013661
0.024199
0.010366
0.012879
0.020356
0.001199
0.017473
0.002043
0.004662
0.000000
0.008871
0.006719
0.006486
0.006224
0.008931
0.015934
0.011837
0.007425
0.017261
0.015777
0.010833
0.009520
0.007408
0.006459
0.007529
0.003285
0.006904
0.001780
0.009869
0.008956
0.002669
0.010149
0.009018
0.006012
0.008965
0.005657
0.000000
0.000000
0.006527
0.009158
0.003447
0.005843
0.002637
0.000117
0.000682
0.000853
0.000000
0.004011
0.000000
0.005888
0.000000
0.000000
0.000730
0.003332
0.003703
0.000000
0.000737
0.005316
0.002575
0.002779
0.001574
0.000000
0.002684
0.003977
0.001418
0.000000
0.002900
0.000000
0.007970
0.007465
0.000000
0.002066
0.000000
0.000000
0.003320
0.000000
0.000000
0.003943
0.000000
0.000000
0.000000
0.000000
0.002403
0.002307
0.000000
0.003176
0.000000
0.000000
0.001082
0.000000

objFunc:0.000268
x values:
0.101013
0.110214
0.063764
0.070316
0.034093
0.050984
0.096288
0.024267
0.013302
0.013265
0.023340
0.008211
0.012674
0.019217
0.000000
0.017726
0.004153
0.006217
0.000000
0.010859
0.008811
0.005529
0.007349
0.007910
0.015865
0.011850
0.007385
0.016314
0.015243
0.000000
0.009190
0.007354
0.008896
0.006161
0.005654
0.006750
0.000000
0.006714
0.000000
0.004575
0.009836
0.009103
0.000000
0.006933
0.003506
0.000000
0.004437
0.007244
0.008847
0.005358
0.005150
0.003907
0.001810
0.002293
0.003278
0.000000
0.006943
0.006416
0.005934
0.004560
0.000000
0.001487
0.003858
0.003672
0.002452
0.000938
0.004736
0.006282
0.003551
0.001914
0.000000
0.005158
0.002904
0.001937
0.002786
0.001579
0.000000
0.005687
0.006741
0.000000
0.001875
0.000000
0.000000
0.003056
0.000000
0.000000
0.003837
0.000000
0.000000
0.000000
0.000000
0.002319
0.002155
0.000000
0.002908
0.000000
0.000000
0.001156
0.000000

objFunc:0.000346
x values:
0.100823
0.110526
0.064255
0.073401
0.033689
0.051301
0.096755
0.025379
0.013381
0.014404
0.023652
0.010304
0.013124
0.019877
0.000000
0.019454
0.002383
0.006588
0.008979
0.008910
0.008845
0.006851
0.008502
0.008554
0.016136
0.012166
0.006268
0.016245
0.012366
0.006207
0.009941
0.007533
0.005862
0.006591
0.003501
0.006823
0.000000
0.007814
0.009455
0.002267
0.008173
0.008639
0.000000
0.004306
0.005946
0.000000
0.000000
0.000000
0.000000
0.000000
0.005731
0.003951
0.000021
0.003138
0.000000
0.002460
0.006759
0.000000
0.006659
0.004952
0.005653
0.001120
0.003581
0.003837
0.002797
0.000520
0.004852
0.000000
0.002626
0.001661
0.000000
0.002911
0.001064
0.001896
0.003306
0.002848
0.000000
0.007590
0.006647
0.000000
0.002011
0.004262
0.000000
0.003691
0.000000
0.000000
0.003669
0.000000
0.000000
0.000000
0.003336
0.003132
0.002367
0.000000
0.003027
0.000000
0.000000
0.001746
0.000000

objFunc:0.000451
x values:
0.098627
0.108726
0.064394
0.085083
0.033853
0.049105
0.094979
0.025286
0.013034
0.000000
0.021760
0.011589
0.011150
0.021037
0.000000
0.018690
0.002139
0.004538
0.008936
0.012497
0.007020
0.008037
0.006591
0.008071
0.014983
0.009950
0.003819
0.016639
0.015774
0.010494
0.010802
0.006759
0.006422
0.006962
0.006351
0.005889
0.000000
0.007644
0.011553
0.002521
0.008316
0.006844
0.000000
0.006927
0.006160
0.000000
0.000000
0.007563
0.000000
0.007466
0.005713
0.002405
0.000000
0.003034
0.003698
0.002762
0.006764
0.000000
0.006635
0.005106
0.006872
0.003511
0.003524
0.003010
0.000000
0.000521
0.002182
0.000000
0.002382
0.001557
0.000000
0.002825
0.003606
0.001761
0.003589
0.000962
0.000000
0.007667
0.004592
0.000000
0.000875
0.004031
0.000000
0.001422
0.000000
0.000000
0.002070
0.000000
0.000000
0.000000
0.003490
0.000000
0.000972
0.005060
0.001504
0.000000
0.000000
0.000918
0.000000

objFunc:0.000303
x values:
0.101102
0.110627
0.064679
0.070720
0.041271
0.050899
0.096653
0.025235
0.013060
0.014872
0.023524
0.010838
0.013080
0.021694
0.000000
0.024862
0.004142
0.006384
0.007110
0.015500
0.008732
0.007751
0.000000
0.007817
0.015989
0.011917
0.006924
0.015802
0.015319
0.000000
0.000000
0.006873
0.009600
0.010270
0.003716
0.006006
0.005318
0.007743
0.000000
0.002428
0.008184
0.009778
0.000000
0.007144
0.005916
0.010780
0.001972
0.003773
0.007269
0.000000
0.003330
0.002337
0.000281
0.000640
0.000000
0.000236
0.000000
0.000000
0.004066
0.004700
0.002213
0.001252
0.003766
0.003140
0.000000
0.002624
0.004835
0.005373
0.002711
0.001874
0.008119
0.002385
0.000866
0.001911
0.000531
0.001156
0.000000
0.005756
0.004707
0.000000
0.001175
0.003898
0.000000
0.001635
0.000000
0.000000
0.002031
0.000000
0.000000
0.000000
0.000000
0.002949
0.003561
0.000000
0.001613
0.000000
0.000000
0.001057
0.000000
